0 3.630000 1.204444  
1 3.630000 1.204444  
2 3.630000 1.204444  
3 3.630000 1.204444  
4 3.630000 1.204444  
5 3.630000 1.204444  
6 3.630000 1.204444  
7 3.630000 1.204444  
8 3.630000 1.204444  
9 3.630000 1.204444  
10 3.630000 1.204444  
11 3.630000 1.204444  
12 3.630000 1.204444  
13 3.630000 1.204444  
14 3.630000 1.204444  
15 3.630000 1.204444  
16 3.630000 1.204444  
17 3.630000 1.204444  
18 3.630000 1.204444  
19 3.630000 1.204444  
20 3.630000 1.204444  
21 3.630000 1.204444  
22 3.630000 1.204444  
23 3.630000 1.204444  
24 3.630000 1.204444  
25 3.630000 1.204444  
26 3.630000 1.204444  
27 3.630000 1.204444  
28 3.630000 1.204444  
29 3.630000 1.204444  
30 3.630000 1.204444  
31 3.630000 1.204444  
32 3.630000 1.204444  
33 3.630000 1.204444  
34 3.630000 1.204444  
35 3.630000 1.204444  
36 3.630000 1.204444  
37 3.630000 1.204444  
38 3.630000 1.204444  
39 3.630000 1.204444  
40 3.630000 1.204444  
41 3.630000 1.204444  
42 3.630000 1.204444  
43 3.630000 1.204444  
44 3.630000 1.204444  
45 3.630000 1.204444  
46 3.630000 1.204444  
47 3.630000 1.204444  
48 3.630000 1.204444  
49 3.630000 1.204444  
50 3.630000 1.204444  
51 3.630000 1.204444  
52 3.630000 1.204444  
53 3.630000 1.204444  
54 3.630000 1.204444  
55 3.630000 1.204444  
56 3.630000 1.204444  
57 3.630000 1.204444  
58 3.630000 1.204444  
59 3.630000 1.204444  
60 3.630000 1.204444  
61 3.630000 1.204444  
62 3.630000 1.204444  
63 3.630000 1.204444  
64 3.630000 1.204444  
65 3.630000 1.204444  
66 3.630000 1.204444  
67 3.630000 1.204444  
68 3.630000 1.204444  
69 3.630000 1.210000  
70 3.630000 1.210000  
71 3.630000 1.210000  
72 3.630000 1.210000  
73 3.630000 1.210000  
74 3.630000 1.210000  
75 3.630000 1.210000  
76 3.630000 1.210000  
77 3.630000 1.210000  
78 3.630000 1.210000  
79 3.630000 1.210000  
80 3.630000 1.210000  
81 3.630000 1.210000  
82 3.630000 1.210000  
83 3.630000 1.210000  
84 3.630000 1.210000  
85 3.630000 1.210000  
86 3.630000 1.210000  
87 3.630000 1.210000  
88 3.630000 1.210000  
89 3.630000 1.210000  
90 3.630000 1.210000  
91 3.630000 1.210000  
92 3.630000 1.210000  
93 3.630000 1.210000  
94 3.630000 1.210000  
95 3.630000 1.210000  
96 3.630000 1.210000  
97 3.630000 1.210000  
98 3.630000 1.210000  
99 3.630000 1.210000  
100 3.630000 1.210000  
101 3.630000 1.210000  
102 3.630000 1.210000  
103 3.630000 1.210000  
104 3.630000 1.210000  
105 3.630000 1.210000  
106 3.630000 1.210000  
107 3.630000 1.210000  
108 3.630000 1.210000  
109 3.630000 1.210000  
110 3.630000 1.210000  
111 3.630000 1.210000  
112 3.630000 1.210000  
113 3.630000 1.210000  
114 3.630000 1.210000  
115 3.630000 1.210000  
116 3.630000 1.213333  
117 3.630000 1.213333  
118 3.630000 1.213333  
119 3.630000 1.213333  
120 3.630000 1.435556  
121 3.630000 1.435556  
122 3.630000 1.435556  
123 3.630000 1.435556  
124 3.630000 1.435556  
125 3.630000 1.435556  
126 3.630000 1.435556  
127 3.630000 1.435556  
128 3.630000 1.435556  
129 3.630000 1.435556  
130 3.630000 1.435556  
131 3.630000 1.435556  
132 3.630000 1.435556  
133 3.630000 1.435556  
134 3.630000 1.435556  
135 3.630000 1.435556  
136 3.630000 1.435556  
137 3.630000 1.435556  
138 3.630000 1.435556  
139 3.630000 1.435556  
140 3.630000 1.435556  
141 3.630000 1.435556  
142 3.630000 1.435556  
143 3.630000 1.435556  
144 3.630000 1.435556  
145 3.630000 1.435556  
146 3.630000 1.435556  
147 3.630000 1.478889  
148 3.630000 1.478889  
149 3.630000 1.517778  
150 3.630000 1.517778  
151 3.630000 1.517778  
152 3.630000 1.517778  
153 3.630000 1.517778  
154 3.630000 1.517778  
155 3.630000 1.517778  
156 3.630000 1.517778  
157 3.630000 1.557778  
158 3.630000 1.557778  
159 3.630000 1.557778  
160 3.630000 1.557778  
161 3.630000 1.557778  
162 3.630000 1.557778  
163 3.630000 1.557778  
164 3.630000 1.557778  
165 3.630000 1.557778  
166 3.630000 1.557778  
167 3.630000 1.557778  
168 3.630000 1.557778  
169 3.630000 1.557778  
170 3.630000 1.557778  
171 3.630000 1.557778  
172 3.630000 1.557778  
173 3.630000 1.557778  
174 3.630000 1.557778  
175 3.630000 1.557778  
176 3.630000 1.557778  
177 3.630000 1.557778  
178 3.630000 1.557778  
179 3.630000 1.557778  
180 3.630000 1.557778  
181 3.630000 1.557778  
182 3.630000 1.557778  
183 3.630000 1.557778  
184 3.630000 1.557778  
185 3.630000 1.557778  
186 3.630000 1.557778  
187 3.630000 1.557778  
188 3.630000 1.557778  
189 3.630000 1.557778  
190 3.630000 1.557778  
191 3.630000 1.557778  
192 3.630000 1.557778  
193 3.630000 1.557778  
194 3.630000 1.557778  
195 3.630000 1.557778  
196 3.630000 1.557778  
197 3.630000 1.557778  
198 3.630000 1.557778  
199 3.630000 1.557778  
200 3.630000 1.557778  
201 3.630000 1.557778  
202 3.630000 1.557778  
203 3.630000 1.557778  
204 3.630000 1.557778  
205 3.630000 1.557778  
206 3.630000 1.557778  
207 3.630000 1.557778  
208 3.630000 1.557778  
209 3.630000 1.557778  
210 3.630000 1.557778  
211 3.630000 1.557778  
212 3.630000 1.557778  
213 3.630000 1.557778  
214 3.630000 1.557778  
215 3.630000 1.557778  
216 3.630000 1.557778  
217 3.630000 1.557778  
218 3.630000 1.557778  
219 3.630000 1.557778  
220 3.630000 1.557778  
221 3.630000 1.557778  
222 3.630000 1.557778  
223 3.630000 1.612222  
224 3.630000 1.612222  
225 3.630000 1.612222  
226 3.630000 1.612222  
227 3.630000 1.612222  
228 3.630000 1.612222  
229 3.630000 1.612222  
230 3.630000 1.612222  
231 3.630000 1.612222  
232 3.630000 1.612222  
233 3.630000 1.612222  
234 3.630000 1.612222  
235 3.630000 1.612222  
236 3.630000 1.612222  
237 3.630000 1.612222  
238 3.630000 1.612222  
239 3.630000 1.612222  
240 3.630000 1.612222  
241 3.630000 1.632222  
242 3.630000 1.632222  
243 3.630000 1.632222  
244 3.630000 1.632222  
245 3.630000 1.632222  
246 3.630000 1.632222  
247 3.630000 1.632222  
248 3.630000 1.632222  
249 3.630000 1.632222  
250 3.630000 1.632222  
251 3.630000 1.632222  
252 3.630000 1.632222  
253 3.630000 1.632222  
254 3.630000 1.632222  
255 3.630000 1.632222  
256 3.630000 1.632222  
257 3.630000 1.632222  
258 3.630000 1.632222  
259 3.630000 1.632222  
260 3.630000 1.632222  
261 3.630000 1.632222  
262 3.630000 1.632222  
263 3.630000 1.632222  
264 3.630000 1.632222  
265 3.630000 1.632222  
266 3.630000 1.632222  
267 3.630000 1.632222  
268 3.630000 1.632222  
269 3.630000 1.632222  
270 3.630000 1.632222  
271 3.630000 1.632222  
272 3.630000 1.632222  
273 3.630000 1.632222  
274 3.630000 1.632222  
275 3.630000 1.632222  
276 3.630000 1.632222  
277 3.630000 1.632222  
278 3.630000 1.632222  
279 3.630000 1.632222  
280 3.630000 1.632222  
281 3.630000 1.632222  
282 3.630000 1.632222  
283 3.630000 1.632222  
284 3.630000 1.632222  
285 3.630000 1.632222  
286 3.630000 1.632222  
287 3.630000 1.632222  
288 3.630000 1.632222  
289 3.630000 1.632222  
290 3.630000 1.632222  
291 3.630000 1.632222  
292 3.630000 1.632222  
293 3.630000 1.632222  
294 3.630000 1.632222  
295 3.630000 1.632222  
296 3.630000 1.632222  
297 3.630000 1.632222  
298 3.630000 1.632222  
299 3.630000 1.632222  
300 3.630000 1.632222  
301 3.630000 1.632222  
302 3.630000 1.632222  
303 3.630000 1.632222  
304 3.630000 1.632222  
305 3.630000 1.632222  
306 3.630000 1.632222  
307 3.630000 1.632222  
308 3.630000 1.632222  
309 3.630000 1.632222  
310 3.630000 1.632222  
311 3.630000 1.632222  
312 3.630000 1.632222  
313 3.630000 1.632222  
314 3.630000 1.632222  
315 3.630000 1.632222  
316 3.630000 1.632222  
317 3.630000 1.632222  
318 3.630000 1.632222  
319 3.630000 1.632222  
320 3.630000 1.632222  
321 3.630000 1.632222  
322 3.630000 1.633333  
323 3.630000 1.633333  
324 3.630000 1.633333  
325 3.630000 1.633333  
326 3.630000 1.633333  
327 3.630000 1.633333  
328 3.630000 1.633333  
329 3.630000 1.633333  
330 3.630000 1.633333  
331 3.630000 1.633333  
332 3.630000 1.633333  
333 3.630000 1.633333  
334 3.630000 1.633333  
335 3.630000 1.633333  
336 3.630000 1.633333  
337 3.630000 1.633333  
338 3.630000 1.633333  
339 3.630000 1.633333  
340 3.630000 1.633333  
341 3.630000 1.633333  
342 3.630000 1.633333  
343 3.630000 1.633333  
344 3.630000 1.633333  
345 3.630000 1.633333  
346 3.630000 1.633333  
347 3.630000 1.633333  
348 3.630000 1.633333  
349 3.630000 1.633333  
350 3.630000 1.633333  
351 3.630000 1.633333  
352 3.630000 1.633333  
353 3.630000 1.633333  
354 3.630000 1.633333  
355 3.630000 1.633333  
356 3.630000 1.633333  
357 3.630000 1.633333  
358 3.630000 1.633333  
359 3.630000 1.633333  
360 3.630000 1.633333  
361 3.630000 1.633333  
362 3.630000 1.633333  
363 3.630000 1.633333  
364 3.630000 1.633333  
365 3.630000 1.633333  
366 3.630000 1.633333  
367 3.630000 1.633333  
368 3.630000 1.633333  
369 3.630000 1.633333  
370 3.630000 1.633333  
371 3.630000 1.633333  
372 3.630000 1.633333  
373 3.630000 1.653333  
374 3.630000 1.653333  
375 3.630000 1.653333  
376 3.630000 1.653333  
377 3.630000 1.653333  
378 3.630000 1.653333  
379 3.630000 1.653333  
380 3.630000 1.653333  
381 3.630000 1.653333  
382 3.630000 1.653333  
383 3.630000 1.653333  
384 3.630000 1.653333  
385 3.630000 1.653333  
386 3.630000 1.653333  
387 3.630000 1.653333  
388 3.630000 1.653333  
389 3.630000 1.653333  
390 3.630000 1.653333  
391 3.630000 1.653333  
392 3.630000 1.653333  
393 3.630000 1.653333  
394 3.630000 1.653333  
395 3.630000 1.653333  
396 3.630000 1.653333  
397 3.630000 1.653333  
398 3.630000 1.653333  
399 3.630000 1.653333  
400 3.630000 1.653333  
401 3.630000 1.653333  
402 3.630000 1.653333  
403 3.630000 1.653333  
404 3.630000 1.653333  
405 3.630000 1.653333  
406 3.630000 1.653333  
407 3.630000 1.653333  
408 3.630000 1.653333  
409 3.630000 1.653333  
410 3.630000 1.653333  
411 3.630000 1.653333  
412 3.630000 1.653333  
413 3.630000 1.653333  
414 3.630000 1.653333  
415 3.630000 1.653333  
416 3.630000 1.653333  
417 3.630000 1.653333  
418 3.630000 1.653333  
419 3.630000 1.653333  
420 3.630000 1.653333  
421 3.630000 1.653333  
422 3.630000 1.653333  
423 3.630000 1.653333  
424 3.630000 1.653333  
425 3.630000 1.653333  
426 3.630000 1.653333  
427 3.630000 1.653333  
428 3.630000 1.653333  
429 3.630000 1.653333  
430 3.630000 1.653333  
431 3.630000 1.653333  
432 3.630000 1.653333  
433 3.630000 1.653333  
434 3.630000 1.653333  
435 3.630000 1.653333  
436 3.630000 1.653333  
437 3.630000 1.653333  
438 3.630000 1.653333  
439 3.630000 1.653333  
440 3.630000 1.653333  
441 3.630000 1.653333  
442 3.630000 1.653333  
443 3.630000 1.653333  
444 3.630000 1.653333  
445 3.630000 1.653333  
446 3.630000 1.653333  
447 3.630000 1.653333  
448 3.630000 1.653333  
449 3.630000 1.653333  
450 3.630000 1.653333  
451 3.630000 1.653333  
452 3.630000 1.653333  
453 3.630000 1.653333  
454 3.630000 1.653333  
455 3.630000 1.653333  
456 3.630000 1.653333  
457 3.630000 1.653333  
458 3.630000 1.653333  
459 3.630000 1.653333  
460 3.630000 1.653333  
461 3.630000 1.653333  
462 3.630000 1.653333  
463 3.630000 1.653333  
464 3.630000 1.653333  
465 3.630000 1.653333  
466 3.630000 1.653333  
467 3.630000 1.653333  
468 3.630000 1.653333  
469 3.630000 1.653333  
470 3.630000 1.653333  
471 3.630000 1.653333  
472 3.630000 1.653333  
473 3.630000 1.654444  
474 3.630000 1.654444  
475 3.630000 1.654444  
476 3.630000 1.654444  
477 3.630000 1.654444  
478 3.630000 1.654444  
479 3.630000 1.654444  
480 3.630000 1.654444  
481 3.630000 1.654444  
482 3.630000 1.654444  
483 3.630000 1.654444  
484 3.630000 1.654444  
485 3.630000 1.654444  
486 3.760000 1.675556  
487 3.760000 1.675556  
488 3.760000 1.675556  
489 3.760000 1.675556  
490 3.760000 1.675556  
491 3.760000 1.675556  
492 3.760000 1.675556  
493 3.760000 1.675556  
494 3.760000 1.675556  
495 3.760000 1.675556  
496 3.760000 1.675556  
497 3.760000 1.675556  
498 3.760000 1.675556  
499 3.760000 1.675556  
