0 9.340000 5.248889  
1 9.340000 5.248889  
2 9.340000 5.248889  
3 9.340000 5.248889  
4 9.340000 5.248889  
5 9.340000 5.251111  
6 9.340000 5.251111  
7 9.340000 5.251111  
8 9.340000 5.251111  
9 9.340000 5.251111  
10 9.340000 5.251111  
11 9.340000 5.251111  
12 9.340000 5.251111  
13 9.340000 5.251111  
14 9.340000 5.251111  
15 9.340000 5.251111  
16 9.340000 5.251111  
17 9.340000 5.251111  
18 9.340000 5.251111  
19 9.550000 5.274444  
20 9.550000 5.274444  
21 9.550000 5.274444  
22 9.550000 5.274444  
23 9.550000 5.274444  
24 9.550000 5.274444  
25 9.550000 5.286667  
26 9.550000 5.286667  
27 9.550000 5.286667  
28 9.550000 5.328889  
29 9.550000 5.328889  
30 9.550000 5.328889  
31 9.550000 5.328889  
32 9.550000 5.328889  
33 9.550000 5.328889  
34 9.550000 5.328889  
35 9.550000 5.328889  
36 9.550000 5.328889  
37 9.550000 5.328889  
38 9.550000 5.328889  
39 9.550000 5.328889  
40 9.550000 5.333333  
41 9.550000 5.333333  
42 9.550000 5.333333  
43 9.550000 5.333333  
44 9.550000 5.333333  
45 9.550000 5.333333  
46 9.550000 5.333333  
47 9.550000 5.333333  
48 9.550000 5.333333  
49 9.550000 5.333333  
50 9.550000 5.333333  
51 9.550000 5.333333  
52 9.550000 5.333333  
53 9.550000 5.333333  
54 9.550000 5.333333  
55 9.550000 5.333333  
56 9.550000 5.333333  
57 9.550000 5.353333  
58 9.550000 5.353333  
59 9.550000 5.353333  
60 9.550000 5.353333  
61 9.820000 5.383333  
62 9.820000 5.416667  
63 9.820000 5.416667  
64 9.820000 5.416667  
65 9.820000 5.416667  
66 9.820000 5.416667  
67 9.820000 5.416667  
68 9.820000 5.416667  
69 9.820000 5.416667  
70 9.820000 5.416667  
71 9.820000 5.416667  
72 9.820000 5.416667  
73 10.450000 5.486667  
74 10.450000 5.486667  
75 10.450000 5.486667  
76 10.450000 5.486667  
77 10.450000 5.486667  
78 10.450000 5.486667  
79 10.450000 5.486667  
80 10.450000 5.486667  
81 10.450000 5.486667  
82 10.450000 5.486667  
83 10.450000 5.486667  
84 10.450000 5.486667  
85 10.450000 5.486667  
86 10.450000 5.486667  
87 10.450000 5.486667  
88 10.450000 5.486667  
89 10.450000 5.486667  
90 10.450000 5.486667  
91 10.450000 5.486667  
92 10.450000 5.486667  
93 10.450000 5.486667  
94 10.450000 5.486667  
95 10.450000 5.486667  
96 10.450000 5.486667  
97 10.450000 5.486667  
98 10.450000 5.486667  
99 10.450000 5.486667  
100 10.450000 5.486667  
101 10.450000 5.486667  
102 10.450000 5.486667  
103 10.450000 5.510000  
104 10.450000 5.510000  
105 10.450000 5.510000  
106 10.450000 5.510000  
107 10.450000 5.510000  
108 10.700000 5.537778  
109 10.700000 5.537778  
110 10.700000 5.568889  
111 10.700000 5.568889  
112 10.700000 5.568889  
113 10.700000 5.568889  
114 10.700000 5.568889  
115 10.700000 5.568889  
116 10.700000 5.568889  
117 10.700000 5.568889  
118 10.700000 5.568889  
119 10.700000 5.568889  
120 10.700000 5.600000  
121 10.700000 5.600000  
122 10.700000 5.600000  
123 10.700000 5.600000  
124 10.700000 5.600000  
125 10.700000 5.600000  
126 10.700000 5.600000  
127 10.700000 5.600000  
128 10.700000 5.600000  
129 10.700000 5.600000  
130 10.700000 5.600000  
131 10.700000 5.600000  
132 10.700000 5.600000  
133 10.700000 5.600000  
134 10.700000 5.600000  
135 10.700000 5.600000  
136 10.700000 5.600000  
137 10.700000 5.600000  
138 10.700000 5.600000  
139 10.700000 5.600000  
140 10.700000 5.600000  
141 10.700000 5.600000  
142 10.700000 5.600000  
143 10.700000 5.600000  
144 10.700000 5.600000  
145 10.700000 5.600000  
146 10.700000 5.600000  
147 10.700000 5.600000  
148 10.700000 5.600000  
149 10.700000 5.600000  
150 10.700000 5.625556  
151 10.700000 5.625556  
152 10.700000 5.625556  
153 10.700000 5.625556  
154 10.700000 5.625556  
155 10.700000 5.625556  
156 10.700000 5.625556  
157 10.700000 5.625556  
158 10.700000 5.625556  
159 10.700000 5.625556  
160 10.700000 5.625556  
161 10.700000 5.625556  
162 10.700000 5.625556  
163 10.700000 5.625556  
164 10.700000 5.625556  
165 10.700000 5.625556  
166 10.700000 5.625556  
167 10.700000 5.625556  
168 10.700000 5.625556  
169 10.700000 5.625556  
170 10.700000 5.625556  
171 10.700000 5.625556  
172 10.700000 5.625556  
173 10.700000 5.625556  
174 10.700000 5.625556  
175 10.700000 5.625556  
176 10.700000 5.625556  
177 10.700000 5.625556  
178 10.700000 5.625556  
179 10.700000 5.625556  
180 10.700000 5.633333  
181 10.700000 5.633333  
182 10.700000 5.633333  
183 10.700000 5.633333  
184 10.700000 5.633333  
185 10.700000 5.633333  
186 10.700000 5.633333  
187 10.700000 5.734444  
188 10.700000 5.734444  
189 10.700000 5.734444  
190 10.700000 5.734444  
191 10.700000 5.734444  
192 10.700000 5.734444  
193 10.700000 5.734444  
194 10.700000 5.734444  
195 10.700000 5.734444  
196 10.700000 5.734444  
197 10.700000 5.734444  
198 10.700000 5.734444  
199 10.700000 5.734444  
200 10.700000 5.734444  
201 10.700000 5.734444  
202 10.700000 5.734444  
203 10.700000 5.734444  
204 10.700000 5.734444  
205 10.700000 5.734444  
206 10.700000 5.734444  
207 10.700000 5.734444  
208 10.700000 5.734444  
209 10.700000 5.734444  
210 10.700000 5.734444  
211 10.700000 5.734444  
212 10.700000 5.734444  
213 10.700000 5.734444  
214 10.700000 5.734444  
215 10.700000 5.734444  
216 10.700000 5.734444  
217 10.700000 5.734444  
218 10.700000 5.734444  
219 10.700000 5.734444  
220 10.700000 5.734444  
221 10.700000 5.734444  
222 10.700000 5.734444  
223 10.700000 5.734444  
224 10.700000 5.734444  
225 10.700000 5.734444  
226 10.700000 5.734444  
227 10.700000 5.734444  
228 10.700000 5.734444  
229 10.700000 5.734444  
230 10.700000 5.734444  
231 10.700000 5.734444  
232 10.700000 5.734444  
233 10.700000 5.734444  
234 10.700000 5.734444  
235 10.700000 5.734444  
236 10.700000 5.734444  
237 10.700000 5.734444  
238 10.700000 5.734444  
239 10.700000 5.734444  
240 10.700000 5.734444  
241 10.700000 5.734444  
242 10.700000 5.734444  
243 10.700000 5.734444  
244 10.700000 5.734444  
245 10.700000 5.734444  
246 10.700000 5.734444  
247 10.700000 5.734444  
248 10.700000 5.734444  
249 10.700000 5.734444  
250 10.700000 5.734444  
251 10.700000 5.734444  
252 10.700000 5.734444  
253 10.700000 5.734444  
254 10.700000 5.734444  
255 10.700000 5.734444  
256 10.700000 5.734444  
257 10.700000 5.734444  
258 10.700000 5.734444  
259 10.700000 5.734444  
260 10.700000 5.734444  
261 10.700000 5.734444  
262 10.700000 5.734444  
263 10.700000 5.734444  
264 10.700000 5.797778  
265 10.700000 5.797778  
266 10.700000 5.797778  
267 10.700000 5.797778  
268 10.700000 5.797778  
269 10.700000 5.797778  
270 10.700000 5.797778  
271 10.700000 5.797778  
272 10.920000 5.830000  
273 10.920000 5.830000  
274 10.920000 5.830000  
275 10.920000 5.830000  
276 10.920000 5.830000  
277 10.920000 5.830000  
278 10.920000 5.830000  
279 10.920000 5.830000  
280 10.920000 5.830000  
281 10.920000 5.830000  
282 10.920000 5.830000  
283 10.920000 5.830000  
284 10.920000 5.830000  
285 10.920000 5.830000  
286 10.920000 5.830000  
287 10.920000 5.830000  
288 10.920000 5.830000  
289 10.920000 5.830000  
290 10.920000 5.830000  
291 10.920000 5.830000  
292 10.920000 5.830000  
293 10.920000 5.830000  
294 10.920000 5.830000  
295 10.920000 5.831111  
296 10.920000 5.831111  
297 10.920000 5.831111  
298 10.920000 5.831111  
299 10.920000 5.848889  
300 10.920000 5.848889  
301 10.920000 5.848889  
302 10.920000 5.848889  
303 10.920000 5.848889  
304 10.920000 5.848889  
305 10.920000 5.848889  
306 10.920000 5.848889  
307 10.920000 5.848889  
308 10.920000 5.848889  
309 10.920000 5.848889  
310 10.920000 5.848889  
311 10.920000 5.848889  
312 10.920000 5.848889  
313 10.920000 5.848889  
314 10.920000 5.848889  
315 10.920000 5.848889  
316 10.920000 5.848889  
317 10.920000 5.848889  
318 10.920000 5.848889  
319 10.920000 5.848889  
320 10.920000 5.848889  
321 10.920000 5.848889  
322 10.920000 5.848889  
323 10.920000 5.848889  
324 10.920000 5.848889  
325 10.920000 5.848889  
326 10.920000 5.848889  
327 10.920000 5.848889  
328 10.920000 5.848889  
329 10.940000 5.857778  
330 10.940000 5.857778  
331 10.940000 5.857778  
332 10.940000 5.857778  
333 10.940000 5.857778  
334 10.940000 5.857778  
335 10.940000 5.857778  
336 10.940000 5.857778  
337 10.940000 5.857778  
338 10.940000 5.857778  
339 10.940000 5.857778  
340 10.940000 5.857778  
341 11.260000 5.893333  
342 11.260000 5.893333  
343 11.260000 5.893333  
344 11.260000 5.893333  
345 11.260000 5.893333  
346 11.260000 5.893333  
347 11.260000 5.893333  
348 11.260000 5.893333  
349 11.260000 5.893333  
350 11.260000 5.893333  
351 11.260000 5.893333  
352 11.260000 5.893333  
353 11.260000 5.893333  
354 11.260000 5.893333  
355 11.260000 5.893333  
356 11.260000 5.893333  
357 11.260000 5.893333  
358 11.260000 5.893333  
359 11.260000 5.893333  
360 11.260000 5.893333  
361 11.260000 5.893333  
362 11.260000 5.893333  
363 11.260000 5.893333  
364 11.260000 5.893333  
365 11.260000 5.893333  
366 11.260000 5.893333  
367 11.260000 5.893333  
368 11.260000 5.893333  
369 11.260000 5.893333  
370 11.260000 5.893333  
371 11.260000 5.893333  
372 11.260000 5.893333  
373 11.260000 5.893333  
374 11.260000 5.893333  
375 11.260000 5.893333  
376 11.260000 5.893333  
377 11.260000 5.893333  
378 11.260000 5.893333  
379 11.260000 5.893333  
380 11.260000 5.893333  
381 11.260000 5.893333  
382 11.260000 5.893333  
383 11.260000 5.893333  
384 11.260000 5.893333  
385 11.260000 5.893333  
386 11.260000 5.893333  
387 11.260000 5.893333  
388 11.260000 5.893333  
389 11.260000 5.893333  
390 11.260000 5.893333  
391 11.260000 5.893333  
392 11.260000 5.893333  
393 11.260000 5.893333  
394 11.260000 5.893333  
395 11.260000 5.893333  
396 11.260000 5.893333  
397 11.260000 5.893333  
398 11.260000 5.893333  
399 11.260000 5.893333  
400 11.260000 5.893333  
401 11.260000 5.893333  
402 11.260000 5.893333  
403 11.260000 5.893333  
404 11.260000 5.893333  
405 11.260000 5.893333  
406 11.260000 5.893333  
407 11.260000 5.893333  
408 11.260000 5.893333  
409 11.260000 5.893333  
410 11.260000 5.893333  
411 11.260000 5.893333  
412 11.260000 5.893333  
413 11.260000 5.913333  
414 11.260000 5.913333  
415 11.260000 5.913333  
416 11.260000 5.913333  
417 11.260000 5.913333  
418 11.260000 5.913333  
419 11.260000 5.913333  
420 11.260000 5.913333  
421 11.260000 5.913333  
422 11.260000 5.913333  
423 11.260000 5.913333  
424 11.260000 5.913333  
425 11.260000 5.913333  
426 11.260000 5.913333  
427 11.260000 5.913333  
428 11.260000 5.913333  
429 11.260000 5.913333  
430 11.260000 5.913333  
431 11.260000 5.913333  
432 11.260000 5.913333  
433 11.260000 5.913333  
434 11.260000 5.913333  
435 11.260000 5.913333  
436 11.260000 5.913333  
437 11.260000 5.913333  
438 11.260000 5.913333  
439 11.260000 5.913333  
440 11.260000 5.913333  
441 11.260000 5.913333  
442 11.260000 5.913333  
443 11.260000 5.924444  
444 11.260000 5.924444  
445 11.260000 5.924444  
446 11.260000 5.924444  
447 11.260000 5.924444  
448 11.260000 5.924444  
449 11.260000 5.931111  
450 11.260000 5.931111  
451 11.260000 5.931111  
452 11.260000 5.931111  
453 11.260000 5.931111  
454 11.260000 5.931111  
455 11.260000 5.931111  
456 11.260000 5.931111  
457 11.260000 5.931111  
458 11.260000 5.931111  
459 11.260000 5.931111  
460 11.260000 5.931111  
461 11.260000 5.931111  
462 11.260000 5.931111  
463 11.260000 5.931111  
464 11.260000 5.931111  
465 11.260000 5.931111  
466 11.260000 5.931111  
467 11.260000 5.931111  
468 11.260000 5.931111  
469 11.260000 5.931111  
470 11.260000 5.931111  
471 11.260000 5.931111  
472 11.260000 5.931111  
473 11.260000 5.931111  
474 11.260000 5.931111  
475 11.260000 5.931111  
476 11.260000 5.931111  
477 11.260000 5.931111  
478 11.260000 5.931111  
479 11.260000 5.931111  
480 11.260000 5.931111  
481 11.260000 5.931111  
482 11.260000 5.931111  
483 11.260000 5.931111  
484 11.260000 5.931111  
485 11.260000 5.931111  
486 11.260000 5.931111  
487 11.260000 5.931111  
488 11.260000 5.931111  
489 11.260000 5.931111  
490 11.260000 5.931111  
491 11.260000 5.931111  
492 11.260000 5.931111  
493 11.260000 5.931111  
494 11.260000 5.931111  
495 11.260000 5.941111  
496 11.260000 5.941111  
497 11.260000 5.943333  
498 11.260000 5.943333  
499 11.260000 5.943333  
