0 0.678000 0.678000  
1 0.678000 0.528000  
2 0.678000 0.463000  
3 0.678000 0.476500  
4 0.678000 0.514600  
5 0.678000 0.540000  
6 0.678000 0.510429  
7 0.678000 0.488250  
8 0.678000 0.475333  
9 0.678000 0.473400  
10 0.678000 0.460636  
11 0.678000 0.460636  
12 0.678000 0.450000  
13 0.678000 0.466692  
14 0.678000 0.479000  
15 0.678000 0.470800  
16 0.678000 0.462187  
17 0.678000 0.474235  
18 0.678000 0.477500  
19 0.678000 0.482211  
20 0.678000 0.474750  
21 0.678000 0.474750  
22 0.678000 0.491450  
23 0.678000 0.498950  
24 0.678000 0.498950  
25 0.678000 0.498950  
26 0.678000 0.498950  
27 0.678000 0.498950  
28 0.678000 0.506952  
29 0.678000 0.499045  
30 0.678000 0.491826  
31 0.678000 0.491826  
32 0.678000 0.506348  
33 0.678000 0.499375  
34 0.678000 0.499375  
35 0.678000 0.492720  
36 0.678000 0.492720  
37 0.678000 0.499423  
38 0.678000 0.512269  
39 0.678000 0.518000  
40 0.678000 0.511393  
41 0.678000 0.505241  
42 0.678000 0.511759  
43 0.678000 0.511759  
44 0.678000 0.511759  
45 0.678000 0.511759  
46 0.678000 0.511759  
47 0.978000 0.527300  
48 0.978000 0.538433  
49 0.978000 0.549567  
50 0.978000 0.549567  
51 0.978000 0.553355  
52 0.978000 0.564129  
53 0.978000 0.564129  
54 0.978000 0.564129  
55 0.978000 0.564129  
56 0.978000 0.556906  
57 0.978000 0.553485  
58 0.978000 0.556824  
59 0.978000 0.556824  
60 0.978000 0.556824  
61 0.978000 0.559971  
62 0.978000 0.559971  
63 0.978000 0.557528  
64 0.978000 0.560324  
65 0.978000 0.562395  
66 0.978000 0.562395  
67 0.978000 0.562395  
68 0.978000 0.562395  
69 0.978000 0.558513  
70 0.978000 0.567077  
71 0.978000 0.569795  
72 0.978000 0.574205  
73 0.978000 0.574205  
74 0.978000 0.582615  
75 0.978000 0.590026  
76 0.978000 0.590179  
77 0.978000 0.583750  
78 0.978000 0.583750  
79 0.978000 0.583750  
80 0.978000 0.578317  
81 0.978000 0.579238  
82 0.978000 0.579238  
83 0.978000 0.579238  
84 0.978000 0.579905  
85 0.978000 0.586262  
86 0.978000 0.586262  
87 0.978000 0.586262  
88 0.978000 0.586262  
89 0.978000 0.586262  
90 0.978000 0.586262  
91 0.978000 0.586262  
92 0.978000 0.586262  
93 0.978000 0.588140  
94 0.978000 0.588140  
95 0.978000 0.588140  
96 0.978000 0.588140  
97 0.978000 0.588140  
98 0.978000 0.588140  
99 0.978000 0.585136  
100 0.978000 0.585136  
101 0.978000 0.585136  
102 0.978000 0.585136  
103 0.978000 0.585523  
104 0.978000 0.585523  
105 0.978000 0.586159  
106 0.978000 0.580533  
107 0.978000 0.580533  
108 0.978000 0.575152  
109 0.978000 0.575152  
110 0.978000 0.575152  
111 0.978000 0.577106  
112 0.978000 0.577106  
113 0.978000 0.577106  
114 0.978000 0.577106  
115 0.978000 0.577106  
116 0.978000 0.579936  
117 0.978000 0.587043  
118 0.978000 0.587043  
119 0.978000 0.587043  
120 0.978000 0.587043  
121 0.978000 0.587043  
122 0.978000 0.587043  
123 0.978000 0.587043  
124 0.978000 0.587043  
125 0.978000 0.588708  
126 0.978000 0.583490  
127 0.978000 0.578700  
128 0.978000 0.578700  
129 0.978000 0.573882  
130 0.978000 0.580431  
131 0.978000 0.580431  
132 0.978000 0.577385  
133 0.978000 0.579075  
134 0.978000 0.579075  
135 0.978000 0.583491  
136 0.978000 0.585075  
137 0.978000 0.585075  
138 0.978000 0.585075  
139 0.978000 0.588741  
140 0.978000 0.593370  
141 0.978000 0.593370  
142 0.978000 0.593370  
143 0.978000 0.600481  
144 0.978000 0.600481  
145 0.978000 0.600481  
146 0.978000 0.600481  
147 0.978000 0.600481  
148 0.978000 0.601204  
149 0.978000 0.596327  
150 0.978000 0.596327  
151 0.978000 0.596327  
152 0.978000 0.602400  
153 0.978000 0.602400  
154 0.978000 0.602400  
155 0.978000 0.597589  
156 0.978000 0.597589  
157 0.978000 0.597589  
158 0.978000 0.597589  
159 0.978000 0.597589  
160 0.978000 0.598089  
161 0.978000 0.598982  
162 0.978000 0.598982  
163 0.978000 0.598982  
164 0.978000 0.598982  
165 0.978000 0.594509  
166 0.978000 0.594509  
167 0.978000 0.594509  
168 0.978000 0.594603  
169 0.978000 0.594983  
170 0.978000 0.594983  
171 0.978000 0.594983  
172 0.978000 0.594983  
173 0.978000 0.594983  
174 0.978000 0.594983  
175 0.978000 0.594983  
176 0.978000 0.594983  
177 0.978000 0.594983  
178 0.978000 0.594983  
179 0.978000 0.590617  
180 0.978000 0.590617  
181 0.978000 0.593667  
182 0.978000 0.593667  
183 0.978000 0.593667  
184 0.978000 0.593667  
185 0.978000 0.594869  
186 0.978000 0.594869  
187 0.978000 0.595328  
188 0.978000 0.595328  
189 0.978000 0.591097  
190 0.978000 0.591097  
191 0.978000 0.591097  
192 0.978000 0.592302  
193 0.978000 0.595651  
194 0.978000 0.595651  
195 0.978000 0.595651  
196 0.978000 0.595651  
197 0.978000 0.595651  
198 0.978000 0.595651  
199 0.978000 0.599349  
