0 0.333000 0.333000  
1 0.667000 0.500000  
2 0.667000 0.555667  
3 0.667000 0.500000  
4 0.667000 0.488800  
5 0.667000 0.484167  
6 0.667000 0.462571  
7 0.667000 0.449875  
8 0.667000 0.474000  
9 0.667000 0.461600  
10 0.667000 0.480273  
11 0.667000 0.495833  
12 0.667000 0.513000  
13 0.667000 0.499154  
14 0.667000 0.487286  
15 0.667000 0.487286  
16 0.667000 0.498133  
17 0.667000 0.487812  
18 0.667000 0.478706  
19 0.667000 0.475889  
20 0.667000 0.485947  
21 0.667000 0.485947  
22 0.667000 0.485947  
23 0.667000 0.485947  
24 0.667000 0.495000  
25 0.667000 0.505850  
26 0.667000 0.505850  
27 0.667000 0.510333  
28 0.667000 0.502273  
29 0.667000 0.509435  
30 0.667000 0.512958  
31 0.667000 0.511120  
32 0.667000 0.517115  
33 0.667000 0.517115  
34 0.667000 0.522259  
35 0.667000 0.534000  
36 0.667000 0.537143  
37 0.667000 0.531276  
38 0.667000 0.524667  
39 0.667000 0.529258  
40 0.667000 0.525406  
41 0.667000 0.519576  
42 0.667000 0.514088  
43 0.667000 0.514088  
44 0.667000 0.514088  
45 0.667000 0.515412  
46 0.667000 0.515412  
47 0.667000 0.519743  
48 0.667000 0.525314  
49 0.667000 0.534857  
