0 0.333000 0.333000  
1 0.333000 0.333000  
2 0.333000 0.333000  
3 0.383000 0.345500  
4 0.667000 0.429000  
5 0.667000 0.409800  
6 0.667000 0.418333  
7 0.667000 0.453857  
8 0.667000 0.438750  
9 0.667000 0.464111  
10 0.667000 0.434400  
11 0.667000 0.434273  
12 0.667000 0.464636  
13 0.667000 0.453667  
14 0.667000 0.444385  
15 0.667000 0.436429  
16 0.667000 0.439933  
17 0.667000 0.439933  
18 0.667000 0.454125  
19 0.667000 0.466647  
20 0.667000 0.459222  
21 0.667000 0.477778  
22 0.667000 0.487737  
23 0.667000 0.505316  
24 0.667000 0.520263  
25 0.667000 0.523950  
26 0.667000 0.515952  
27 0.667000 0.539762  
28 0.667000 0.530364  
29 0.667000 0.522522  
30 0.667000 0.525696  
31 0.667000 0.531583  
32 0.667000 0.535500  
33 0.667000 0.535500  
34 0.667000 0.529840  
35 0.667000 0.529962  
36 0.667000 0.538308  
37 0.667000 0.543074  
38 0.667000 0.543074  
39 0.667000 0.547500  
40 0.667000 0.551621  
41 0.667000 0.551621  
42 0.667000 0.554900  
43 0.667000 0.554900  
44 0.667000 0.554900  
45 0.667000 0.549548  
46 0.667000 0.549548  
47 0.667000 0.560323  
48 0.667000 0.563656  
49 0.667000 0.563656  
