0 0.478000 0.478000  
1 0.478000 0.405500  
2 0.478000 0.381333  
3 0.478000 0.369250  
4 0.478000 0.371000  
5 0.478000 0.371000  
6 0.667000 0.420333  
7 0.789000 0.473000  
8 0.789000 0.473000  
9 0.789000 0.473000  
10 0.789000 0.466000  
11 0.789000 0.455000  
12 0.789000 0.442800  
13 0.789000 0.463182  
14 0.789000 0.480167  
15 0.789000 0.468846  
16 0.789000 0.471385  
17 0.789000 0.485357  
18 0.789000 0.485357  
19 0.789000 0.475200  
20 0.789000 0.487187  
21 0.789000 0.478118  
22 0.789000 0.478389  
23 0.789000 0.478389  
24 0.789000 0.487105  
25 0.789000 0.468300  
26 0.789000 0.468300  
27 0.789000 0.477762  
28 0.789000 0.486364  
29 0.789000 0.486364  
30 0.789000 0.497727  
31 0.789000 0.504818  
32 0.789000 0.504818  
33 0.789000 0.511870  
34 0.789000 0.534348  
35 0.789000 0.525958  
36 0.789000 0.529000  
37 0.789000 0.529000  
38 0.789000 0.524960  
39 0.789000 0.517577  
40 0.789000 0.517577  
41 0.789000 0.517577  
42 0.789000 0.517577  
43 0.789000 0.527808  
44 0.789000 0.538692  
45 0.789000 0.531074  
46 0.789000 0.524000  
47 0.789000 0.524138  
48 0.789000 0.535655  
49 0.789000 0.540033  
