0 0.333000 0.333000  
1 0.667000 0.500000  
2 0.667000 0.500000  
3 0.667000 0.555667  
4 0.667000 0.583500  
5 0.667000 0.600200  
6 0.667000 0.611333  
7 0.878000 0.649429  
8 0.878000 0.609875  
9 0.878000 0.611889  
10 0.878000 0.611889  
11 0.878000 0.617900  
12 0.878000 0.592000  
13 0.878000 0.592000  
14 0.878000 0.598250  
15 0.878000 0.601385  
16 0.878000 0.598143  
17 0.878000 0.598143  
18 0.878000 0.600867  
19 0.878000 0.584125  
20 0.878000 0.589000  
21 0.878000 0.574778  
22 0.878000 0.579632  
23 0.878000 0.573150  
24 0.878000 0.561714  
25 0.878000 0.561714  
26 0.878000 0.561714  
27 0.878000 0.561714  
28 0.878000 0.552091  
29 0.878000 0.552091  
30 0.878000 0.564727  
31 0.878000 0.569174  
32 0.878000 0.583696  
33 0.878000 0.586708  
34 0.878000 0.576560  
35 0.878000 0.580038  
36 0.878000 0.583037  
37 0.878000 0.583037  
38 0.878000 0.583037  
39 0.878000 0.574107  
40 0.878000 0.565793  
41 0.878000 0.558033  
42 0.878000 0.561548  
43 0.878000 0.561548  
44 0.878000 0.561548  
45 0.878000 0.561548  
46 0.878000 0.563625  
47 0.878000 0.563625  
48 0.878000 0.574063  
49 0.878000 0.574063  
50 0.878000 0.574063  
51 0.878000 0.574063  
52 0.878000 0.566758  
53 0.878000 0.566758  
54 0.878000 0.569706  
55 0.878000 0.563114  
56 0.878000 0.566000  
57 0.878000 0.566000  
58 0.878000 0.559703  
59 0.878000 0.559703  
60 0.878000 0.559703  
61 0.878000 0.568108  
62 0.878000 0.561921  
63 0.878000 0.556333  
64 0.878000 0.556333  
65 0.878000 0.556333  
66 0.878000 0.556333  
67 0.878000 0.558250  
68 0.878000 0.558250  
69 0.878000 0.560902  
70 0.878000 0.557214  
71 0.878000 0.552395  
72 0.878000 0.552395  
73 0.878000 0.552395  
74 0.878000 0.552395  
75 0.878000 0.557698  
76 0.878000 0.558349  
77 0.878000 0.558349  
78 0.878000 0.558349  
79 0.878000 0.558159  
80 0.878000 0.560578  
81 0.878000 0.563178  
82 0.878000 0.570600  
83 0.878000 0.570600  
84 0.878000 0.570600  
85 0.878000 0.570600  
86 0.878000 0.570600  
87 0.878000 0.570600  
88 0.878000 0.571467  
89 0.878000 0.573543  
90 0.878000 0.573543  
91 0.878000 0.573543  
92 0.878000 0.573543  
93 0.878000 0.573543  
94 0.878000 0.574152  
95 0.878000 0.574152  
96 0.878000 0.574152  
97 0.878000 0.571745  
98 0.878000 0.566771  
99 0.878000 0.568167  
100 0.878000 0.568167  
101 0.878000 0.568167  
102 0.878000 0.568167  
103 0.878000 0.568167  
104 0.878000 0.568167  
105 0.878000 0.568167  
106 0.878000 0.568167  
107 0.878000 0.568167  
108 0.878000 0.568167  
109 0.878000 0.569612  
110 0.878000 0.569612  
111 0.878000 0.576306  
112 0.878000 0.578122  
113 0.878000 0.578122  
114 0.878000 0.578122  
115 0.878000 0.581306  
116 0.878000 0.582327  
117 0.878000 0.582327  
118 0.878000 0.582327  
119 0.878000 0.582327  
120 0.878000 0.582327  
121 0.878000 0.582327  
122 0.878000 0.582449  
123 0.878000 0.582449  
124 0.878000 0.582449  
125 0.878000 0.582449  
126 0.878000 0.582449  
127 0.878000 0.582449  
128 0.878000 0.579580  
129 0.878000 0.579580  
130 0.878000 0.586260  
131 0.878000 0.592940  
132 0.878000 0.592940  
133 0.878000 0.592940  
134 0.878000 0.593720  
135 0.878000 0.588608  
136 0.878000 0.593412  
137 0.878000 0.593412  
138 0.878000 0.588404  
139 0.878000 0.588404  
140 0.878000 0.588404  
141 0.878000 0.588404  
142 0.878000 0.588404  
143 0.878000 0.588404  
144 0.878000 0.588404  
145 0.878000 0.588404  
146 0.878000 0.588404  
147 0.878000 0.588500  
148 0.878000 0.588500  
149 0.878000 0.588500  
150 0.878000 0.591385  
151 0.878000 0.592231  
152 0.878000 0.587340  
153 0.878000 0.587340  
154 0.878000 0.584907  
155 0.878000 0.584907  
156 0.878000 0.591093  
157 0.878000 0.591093  
158 0.878000 0.591093  
159 0.878000 0.591093  
160 0.878000 0.591093  
161 0.878000 0.591093  
162 0.878000 0.591093  
163 0.878000 0.586400  
164 0.878000 0.586400  
165 0.878000 0.587839  
166 0.878000 0.587839  
167 0.878000 0.587839  
168 0.878000 0.587839  
169 0.878000 0.587839  
170 0.878000 0.584737  
171 0.878000 0.584737  
172 0.878000 0.580397  
173 0.878000 0.580397  
174 0.878000 0.580397  
175 0.878000 0.581864  
176 0.878000 0.583283  
177 0.878000 0.579180  
178 0.878000 0.579180  
179 0.878000 0.579180  
180 0.878000 0.580597  
181 0.878000 0.580597  
182 0.878000 0.580597  
183 0.878000 0.580597  
184 0.878000 0.581968  
185 0.878000 0.582413  
186 0.878000 0.582413  
187 0.878000 0.582413  
188 0.878000 0.583734  
189 0.878000 0.583734  
190 0.878000 0.583734  
191 0.878000 0.584250  
192 0.878000 0.580385  
193 0.878000 0.580385  
194 0.878000 0.580985  
195 0.878000 0.580985  
196 0.878000 0.580985  
197 0.878000 0.580985  
198 0.878000 0.580985  
199 0.878000 0.577227  
