0 0.333000 0.333000  
1 0.333000 0.333000  
2 0.667000 0.444333  
3 0.667000 0.500000  
4 0.667000 0.524400  
5 0.667000 0.548167  
6 0.667000 0.526143  
7 0.667000 0.526143  
8 0.667000 0.526143  
9 0.667000 0.543750  
10 0.667000 0.557444  
11 0.667000 0.540000  
12 0.667000 0.540000  
13 0.667000 0.551545  
14 0.667000 0.551545  
15 0.667000 0.536167  
16 0.667000 0.533846  
17 0.667000 0.543357  
18 0.667000 0.529333  
19 0.872000 0.550750  
20 0.872000 0.539588  
21 0.872000 0.528111  
22 0.872000 0.535421  
23 0.872000 0.535421  
24 0.872000 0.535421  
25 0.872000 0.532250  
26 0.872000 0.548950  
27 0.872000 0.538667  
28 0.872000 0.529318  
29 0.872000 0.533826  
30 0.872000 0.547130  
31 0.872000 0.543083  
32 0.872000 0.536040  
33 0.872000 0.536720  
34 0.872000 0.536720  
35 0.872000 0.541731  
36 0.872000 0.534000  
37 0.872000 0.537536  
38 0.872000 0.542500  
39 0.872000 0.546793  
40 0.872000 0.547966  
41 0.872000 0.547966  
42 0.872000 0.541733  
43 0.872000 0.541733  
44 0.872000 0.541733  
45 0.872000 0.541733  
46 0.872000 0.541733  
47 0.872000 0.547100  
48 0.872000 0.550968  
49 0.872000 0.550968  
