0 0.333000 0.333000  
1 0.333000 0.333000  
2 0.333000 0.333000  
3 0.528000 0.381750  
4 0.528000 0.372000  
5 0.528000 0.385000  
6 0.667000 0.425286  
7 0.667000 0.413750  
8 0.667000 0.434444  
9 0.667000 0.431600  
10 0.667000 0.422636  
11 0.667000 0.453000  
12 0.667000 0.470833  
13 0.667000 0.485923  
14 0.667000 0.475000  
15 0.667000 0.465533  
16 0.667000 0.465533  
17 0.667000 0.457250  
18 0.667000 0.449941  
19 0.667000 0.462000  
20 0.667000 0.462000  
21 0.667000 0.457842  
22 0.667000 0.475421  
23 0.667000 0.482750  
24 0.667000 0.491524  
25 0.667000 0.502143  
26 0.667000 0.504286  
27 0.667000 0.496500  
28 0.667000 0.496500  
29 0.667000 0.492304  
30 0.667000 0.499583  
31 0.667000 0.506280  
32 0.667000 0.506280  
33 0.667000 0.512462  
34 0.689000 0.526154  
35 0.689000 0.523741  
36 0.689000 0.523741  
37 0.689000 0.528857  
38 0.689000 0.531103  
39 0.689000 0.531103  
40 0.689000 0.528200  
41 0.689000 0.528200  
42 0.689000 0.532677  
43 0.689000 0.541097  
44 0.689000 0.541097  
45 0.689000 0.545031  
46 0.689000 0.545031  
47 0.689000 0.545719  
48 0.689000 0.545906  
49 0.689000 0.554438  
50 0.689000 0.548576  
51 0.689000 0.548576  
52 0.689000 0.548576  
53 0.689000 0.552059  
54 0.689000 0.552059  
55 0.689000 0.545800  
56 0.689000 0.545800  
57 0.689000 0.539889  
58 0.689000 0.539889  
59 0.689000 0.540667  
60 0.689000 0.540972  
61 0.689000 0.550083  
62 0.689000 0.550083  
63 0.689000 0.544216  
64 0.689000 0.547447  
65 0.689000 0.547447  
66 0.689000 0.550368  
67 0.689000 0.550368  
68 0.689000 0.550368  
69 0.689000 0.545667  
70 0.689000 0.545225  
71 0.689000 0.543585  
72 0.689000 0.538571  
73 0.689000 0.538571  
74 0.689000 0.538571  
75 0.689000 0.540907  
76 0.689000 0.540907  
77 0.689000 0.540907  
78 0.689000 0.541023  
79 0.689000 0.541023  
80 0.689000 0.543886  
81 0.689000 0.543886  
82 0.689000 0.544773  
83 0.689000 0.544773  
84 0.689000 0.540067  
85 0.689000 0.540689  
86 0.689000 0.541200  
87 0.689000 0.541200  
88 0.689000 0.541200  
89 0.689000 0.542848  
90 0.689000 0.542848  
91 0.689000 0.542848  
92 0.689000 0.542848  
93 0.689000 0.542848  
94 0.689000 0.538745  
95 0.689000 0.538745  
96 0.689000 0.542766  
97 0.689000 0.542766  
98 0.689000 0.548915  
99 0.689000 0.551375  
100 0.689000 0.550449  
101 0.689000 0.550449  
102 0.689000 0.550449  
103 0.689000 0.550449  
104 0.689000 0.550449  
105 0.689000 0.550449  
106 0.689000 0.557265  
107 0.689000 0.557265  
108 0.689000 0.558184  
109 0.689000 0.558184  
110 0.689000 0.553680  
111 0.689000 0.560360  
112 0.689000 0.561820  
113 0.689000 0.561820  
114 0.689000 0.565720  
115 0.689000 0.565720  
116 0.689000 0.561157  
117 0.689000 0.561157  
118 0.689000 0.557423  
119 0.689000 0.557423  
120 0.689000 0.557423  
121 0.689000 0.557423  
122 0.689000 0.557423  
123 0.689000 0.559491  
124 0.689000 0.559491  
125 0.689000 0.559491  
126 0.689000 0.559491  
127 0.689000 0.559491  
128 0.689000 0.561906  
129 0.689000 0.561906  
130 0.689000 0.561906  
131 0.689000 0.557667  
132 0.689000 0.557667  
133 0.689000 0.553691  
134 0.689000 0.555714  
135 0.689000 0.557667  
136 0.689000 0.559035  
137 0.689000 0.555138  
138 0.689000 0.555138  
139 0.689000 0.555051  
140 0.689000 0.555800  
141 0.689000 0.555800  
142 0.689000 0.555800  
143 0.689000 0.555800  
144 0.689000 0.555800  
145 0.689000 0.555800  
146 0.689000 0.555800  
147 0.689000 0.555800  
148 0.689000 0.555800  
149 0.689000 0.558117  
150 0.689000 0.558117  
151 0.689000 0.558117  
152 0.689000 0.558117  
153 0.689000 0.558117  
154 0.689000 0.558117  
155 0.689000 0.558117  
156 0.689000 0.558117  
157 0.689000 0.558117  
158 0.689000 0.559902  
159 0.689000 0.558935  
160 0.689000 0.556413  
161 0.689000 0.556413  
162 0.689000 0.556413  
163 0.689000 0.556413  
164 0.689000 0.556413  
165 0.689000 0.556413  
166 0.689000 0.556413  
167 0.689000 0.557000  
168 0.689000 0.562219  
169 0.689000 0.562219  
170 0.689000 0.562297  
171 0.689000 0.562297  
172 0.689000 0.562297  
173 0.689000 0.562297  
174 0.689000 0.562297  
175 0.689000 0.562297  
176 0.689000 0.562297  
177 0.689000 0.558769  
178 0.689000 0.558769  
179 0.689000 0.558769  
180 0.689000 0.558769  
181 0.689000 0.558769  
182 0.689000 0.558769  
183 0.689000 0.558769  
184 0.689000 0.558769  
185 0.689000 0.558769  
186 0.689000 0.563738  
187 0.750000 0.566561  
188 0.750000 0.566561  
189 0.750000 0.569848  
190 0.750000 0.569848  
191 0.750000 0.569848  
192 0.750000 0.569848  
193 0.750000 0.569848  
194 0.750000 0.569848  
195 0.750000 0.572879  
196 0.750000 0.572879  
197 0.750000 0.577348  
198 0.750000 0.577348  
199 0.750000 0.578197  
