0 0.667000 0.667000  
1 0.667000 0.500000  
2 0.667000 0.444333  
3 0.667000 0.500000  
4 0.667000 0.533400  
5 0.667000 0.551833  
6 0.667000 0.565000  
7 0.667000 0.565000  
8 0.667000 0.577750  
9 0.667000 0.583333  
10 0.667000 0.583333  
11 0.667000 0.558300  
12 0.667000 0.568182  
13 0.667000 0.553250  
14 0.667000 0.555167  
15 0.667000 0.553923  
16 0.667000 0.552071  
17 0.667000 0.571929  
18 0.667000 0.556000  
19 0.667000 0.562938  
20 0.667000 0.549412  
21 0.667000 0.569059  
22 0.667000 0.574500  
23 0.667000 0.573211  
24 0.667000 0.573211  
25 0.667000 0.575950  
26 0.667000 0.580400  
27 0.667000 0.580400  
28 0.667000 0.584524  
29 0.667000 0.573091  
30 0.667000 0.574136  
31 0.667000 0.573348  
32 0.667000 0.563333  
33 0.667000 0.563333  
34 0.667000 0.563333  
35 0.667000 0.565875  
36 0.667000 0.579792  
37 0.667000 0.569920  
38 0.667000 0.573654  
39 0.667000 0.573654  
40 0.667000 0.573654  
41 0.667000 0.573654  
42 0.667000 0.573654  
43 0.667000 0.573654  
44 0.667000 0.577111  
45 0.667000 0.578556  
46 0.667000 0.578556  
47 0.667000 0.580893  
48 0.667000 0.592821  
49 0.667000 0.594034  
50 0.667000 0.594034  
51 0.667000 0.596467  
52 0.667000 0.598742  
53 0.667000 0.589219  
54 0.667000 0.585667  
55 0.667000 0.578235  
56 0.667000 0.575200  
57 0.667000 0.579343  
58 0.667000 0.579343  
59 0.667000 0.588886  
60 0.667000 0.595886  
61 0.667000 0.605429  
62 0.667000 0.606056  
63 0.667000 0.606056  
64 0.667000 0.606056  
65 0.667000 0.606056  
66 0.667000 0.606056  
67 0.667000 0.606056  
68 0.667000 0.598676  
69 0.667000 0.600474  
70 0.667000 0.600474  
71 0.667000 0.600474  
72 0.667000 0.600474  
73 0.667000 0.601789  
74 0.667000 0.601789  
75 0.667000 0.603462  
76 0.667000 0.603462  
77 0.667000 0.611026  
78 0.672000 0.612154  
79 0.672000 0.612154  
80 0.672000 0.612154  
81 0.672000 0.605175  
82 0.672000 0.598951  
83 0.672000 0.600571  
84 0.672000 0.600571  
85 0.672000 0.602833  
86 0.672000 0.596558  
87 0.672000 0.596558  
88 0.672000 0.599535  
89 0.672000 0.599535  
90 0.672000 0.599535  
91 0.672000 0.599535  
92 0.672000 0.601068  
93 0.672000 0.595111  
94 0.672000 0.589413  
95 0.672000 0.589413  
96 0.672000 0.589413  
97 0.672000 0.593652  
98 0.672000 0.594739  
99 0.672000 0.594739  
