0 0.667000 0.667000  
1 0.667000 0.508500  
2 0.667000 0.450000  
3 0.667000 0.420750  
4 0.667000 0.470000  
5 0.667000 0.502833  
6 0.667000 0.518286  
7 0.667000 0.500000  
8 0.667000 0.481444  
9 0.667000 0.500000  
10 0.667000 0.488909  
11 0.667000 0.500000  
12 0.667000 0.511538  
13 0.667000 0.498786  
14 0.667000 0.498786  
15 0.667000 0.487733  
16 0.667000 0.498938  
17 0.667000 0.506824  
18 0.667000 0.515722  
19 0.667000 0.506105  
20 0.667000 0.523684  
21 0.667000 0.525474  
22 0.667000 0.532000  
23 0.667000 0.544500  
24 0.667000 0.550333  
25 0.667000 0.550333  
26 0.667000 0.540455  
27 0.667000 0.540455  
28 0.667000 0.534348  
29 0.667000 0.523875  
30 0.667000 0.529600  
31 0.667000 0.529600  
32 0.667000 0.522038  
33 0.667000 0.522038  
34 0.667000 0.522038  
35 0.667000 0.522038  
36 0.667000 0.522038  
37 0.667000 0.522038  
38 0.667000 0.515037  
39 0.667000 0.508536  
40 0.667000 0.520464  
41 0.667000 0.520679  
42 0.667000 0.520679  
43 0.667000 0.525138  
44 0.667000 0.526310  
45 0.667000 0.531000  
46 0.667000 0.524613  
47 0.667000 0.524613  
48 0.667000 0.518625  
49 0.667000 0.523121  
50 0.667000 0.527353  
51 0.667000 0.526257  
52 0.667000 0.534029  
53 0.667000 0.534029  
54 0.667000 0.528444  
55 0.667000 0.528444  
56 0.667000 0.528444  
57 0.667000 0.528444  
58 0.667000 0.532189  
59 0.667000 0.532811  
60 0.667000 0.536342  
61 0.667000 0.536342  
62 0.783000 0.539684  
63 0.783000 0.539684  
64 0.783000 0.539684  
65 0.783000 0.539684  
66 0.783000 0.534385  
67 0.783000 0.537700  
68 0.783000 0.537700  
69 0.783000 0.537700  
70 0.783000 0.537700  
71 0.783000 0.546050  
72 0.783000 0.546050  
73 0.783000 0.546050  
74 0.783000 0.551475  
75 0.783000 0.548317  
76 0.783000 0.548317  
77 0.783000 0.548317  
78 0.783000 0.548317  
79 0.783000 0.543190  
80 0.783000 0.544767  
81 0.783000 0.547545  
82 0.783000 0.547545  
83 0.783000 0.547545  
84 0.783000 0.547978  
85 0.783000 0.548600  
86 0.783000 0.548600  
87 0.783000 0.548600  
88 0.783000 0.552556  
89 0.783000 0.552556  
90 0.783000 0.552556  
91 0.783000 0.552556  
92 0.783000 0.559467  
93 0.783000 0.555761  
94 0.783000 0.562891  
95 0.783000 0.562891  
96 0.783000 0.561191  
97 0.783000 0.563396  
98 0.783000 0.558694  
99 0.783000 0.558694  
100 0.783000 0.560860  
101 0.783000 0.560860  
102 0.783000 0.556608  
103 0.783000 0.561843  
104 0.783000 0.561843  
105 0.783000 0.561843  
106 0.783000 0.561843  
107 0.783000 0.557654  
108 0.783000 0.557654  
109 0.783000 0.559717  
110 0.783000 0.559717  
111 0.783000 0.559717  
112 0.783000 0.559717  
113 0.783000 0.559717  
114 0.783000 0.561704  
115 0.783000 0.558564  
116 0.783000 0.560786  
117 0.783000 0.562649  
118 0.783000 0.564448  
119 0.783000 0.564448  
120 0.783000 0.564448  
121 0.783000 0.570207  
122 0.783000 0.570207  
123 0.783000 0.570207  
124 0.783000 0.571847  
125 0.783000 0.571847  
126 0.783000 0.571847  
127 0.783000 0.573150  
128 0.783000 0.569213  
129 0.783000 0.569213  
130 0.783000 0.574049  
131 0.783000 0.574049  
132 0.783000 0.575548  
133 0.783000 0.575548  
134 0.783000 0.575548  
135 0.783000 0.576081  
136 0.783000 0.576984  
137 0.783000 0.576984  
138 0.783000 0.578413  
139 0.783000 0.578413  
140 0.783000 0.578413  
141 0.783000 0.578413  
142 0.783000 0.578413  
143 0.783000 0.578413  
144 0.783000 0.574578  
145 0.783000 0.574578  
146 0.783000 0.576000  
147 0.783000 0.576000  
148 0.783000 0.577379  
149 0.783000 0.577379  
150 0.783000 0.577379  
151 0.783000 0.582439  
152 0.783000 0.582439  
153 0.783000 0.582439  
154 0.783000 0.582439  
155 0.783000 0.584121  
156 0.783000 0.584121  
157 0.783000 0.580373  
158 0.783000 0.580373  
159 0.783000 0.580373  
160 0.783000 0.580373  
161 0.783000 0.580373  
162 0.783000 0.576735  
163 0.783000 0.578043  
164 0.783000 0.578043  
165 0.783000 0.578043  
166 0.783000 0.578043  
167 0.783000 0.578043  
168 0.783000 0.578043  
169 0.783000 0.578043  
170 0.783000 0.578043  
171 0.783000 0.578043  
172 0.783000 0.578043  
173 0.783000 0.578043  
174 0.783000 0.574543  
175 0.783000 0.576457  
176 0.783000 0.576457  
177 0.783000 0.577732  
178 0.783000 0.582437  
179 0.783000 0.582437  
180 0.783000 0.582437  
181 0.783000 0.582437  
182 0.783000 0.582437  
183 0.783000 0.582437  
184 0.783000 0.582437  
185 0.783000 0.582521  
186 0.783000 0.582521  
187 0.783000 0.582521  
188 0.783000 0.582521  
189 0.783000 0.582521  
190 0.783000 0.582521  
191 0.783000 0.582521  
192 0.783000 0.582521  
193 0.783000 0.582521  
194 0.894000 0.585718  
195 0.894000 0.585718  
196 0.894000 0.585718  
197 0.894000 0.585718  
198 0.894000 0.585718  
199 0.894000 0.585718  
