0 0.333000 0.333000  
1 0.667000 0.500000  
2 0.667000 0.555667  
3 0.667000 0.511250  
4 0.667000 0.534600  
5 0.667000 0.542400  
6 0.667000 0.542400  
7 0.667000 0.542400  
8 0.667000 0.563167  
9 0.667000 0.530286  
10 0.667000 0.511875  
11 0.667000 0.492000  
12 0.667000 0.489500  
13 0.667000 0.499000  
14 0.667000 0.502750  
15 0.667000 0.515385  
16 0.667000 0.515385  
17 0.667000 0.502357  
18 0.667000 0.526214  
19 0.667000 0.533333  
20 0.667000 0.541687  
21 0.667000 0.541687  
22 0.667000 0.545765  
23 0.667000 0.536444  
24 0.667000 0.536444  
25 0.667000 0.528684  
26 0.667000 0.528684  
27 0.667000 0.531632  
28 0.667000 0.531632  
29 0.667000 0.535600  
30 0.667000 0.525952  
31 0.667000 0.532364  
32 0.667000 0.523696  
33 0.667000 0.515750  
34 0.667000 0.512880  
35 0.667000 0.514000  
36 0.667000 0.514000  
37 0.667000 0.506846  
38 0.667000 0.505963  
39 0.667000 0.501786  
40 0.667000 0.495966  
41 0.667000 0.498333  
42 0.667000 0.498333  
43 0.667000 0.503774  
44 0.667000 0.503774  
45 0.667000 0.504688  
46 0.667000 0.504688  
47 0.667000 0.500333  
48 0.667000 0.500333  
49 0.667000 0.510424  
50 0.667000 0.510424  
51 0.667000 0.505206  
52 0.667000 0.505206  
53 0.667000 0.505206  
54 0.667000 0.500286  
55 0.667000 0.500286  
56 0.667000 0.495639  
57 0.667000 0.495639  
58 0.667000 0.500270  
59 0.667000 0.503892  
60 0.667000 0.499395  
61 0.667000 0.499395  
62 0.667000 0.495282  
63 0.667000 0.495282  
64 0.667000 0.495282  
65 0.667000 0.495282  
66 0.667000 0.495282  
67 0.667000 0.491225  
68 0.667000 0.487366  
69 0.667000 0.487366  
70 0.667000 0.487366  
71 0.667000 0.490366  
72 0.667000 0.490366  
73 0.667000 0.493488  
74 0.667000 0.493488  
75 0.667000 0.497619  
76 0.667000 0.505571  
77 0.667000 0.509326  
78 0.667000 0.509326  
79 0.667000 0.505318  
80 0.667000 0.505318  
81 0.667000 0.505318  
82 0.667000 0.508911  
83 0.667000 0.507761  
84 0.667000 0.507761  
85 0.667000 0.507761  
86 0.667000 0.507761  
87 0.667000 0.507761  
88 0.667000 0.507761  
89 0.667000 0.506532  
90 0.667000 0.506532  
91 0.667000 0.508085  
92 0.667000 0.508085  
93 0.667000 0.504437  
94 0.667000 0.507563  
95 0.667000 0.507563  
96 0.667000 0.504000  
97 0.667000 0.504000  
98 0.667000 0.507260  
99 0.667000 0.507260  
