0 0.667000 0.667000  
1 0.667000 0.503000  
2 0.667000 0.546333  
3 0.667000 0.559750  
4 0.667000 0.543400  
5 0.667000 0.564000  
6 0.667000 0.578714  
7 0.667000 0.548000  
8 0.667000 0.561222  
9 0.667000 0.538400  
10 0.667000 0.523273  
11 0.667000 0.535250  
12 0.667000 0.519692  
13 0.667000 0.506357  
14 0.667000 0.524214  
15 0.667000 0.533733  
16 0.667000 0.521188  
17 0.667000 0.527125  
18 0.667000 0.527125  
19 0.667000 0.515706  
20 0.667000 0.505556  
21 0.667000 0.514053  
22 0.667000 0.511400  
23 0.667000 0.502905  
24 0.667000 0.510364  
25 0.667000 0.502652  
26 0.667000 0.497208  
27 0.667000 0.490640  
28 0.667000 0.497423  
29 0.667000 0.501222  
30 0.739000 0.516259  
31 0.739000 0.521643  
32 0.739000 0.528393  
33 0.739000 0.528393  
34 0.739000 0.528393  
35 0.739000 0.521655  
36 0.739000 0.521655  
37 0.739000 0.515367  
38 0.739000 0.510226  
39 0.739000 0.504687  
40 0.739000 0.506094  
41 0.739000 0.506094  
42 0.739000 0.506094  
43 0.739000 0.506094  
44 0.739000 0.506094  
45 0.739000 0.506094  
46 0.739000 0.510970  
47 0.739000 0.510970  
48 0.739000 0.505735  
49 0.739000 0.508257  
