0 0.333000 0.333000  
1 0.333000 0.333000  
2 0.367000 0.344333  
3 0.533000 0.391500  
4 0.533000 0.379800  
5 0.667000 0.427667  
6 0.667000 0.414143  
7 0.667000 0.414143  
8 0.667000 0.445750  
9 0.667000 0.433222  
10 0.667000 0.433222  
11 0.667000 0.441600  
12 0.667000 0.439364  
13 0.667000 0.466636  
14 0.667000 0.455500  
15 0.667000 0.455500  
16 0.667000 0.446077  
17 0.667000 0.447571  
18 0.667000 0.462200  
19 0.667000 0.456937  
20 0.667000 0.469294  
21 0.667000 0.463611  
22 0.667000 0.456737  
23 0.667000 0.456737  
24 0.667000 0.450550  
25 0.667000 0.460333  
26 0.667000 0.460333  
27 0.667000 0.460333  
28 0.667000 0.468682  
29 0.667000 0.467870  
30 0.667000 0.462250  
31 0.667000 0.462250  
32 0.667000 0.476167  
33 0.667000 0.476167  
34 0.667000 0.478240  
35 0.667000 0.485500  
36 0.667000 0.485500  
37 0.667000 0.479852  
38 0.667000 0.486143  
39 0.667000 0.492379  
40 0.667000 0.492379  
41 0.667000 0.487067  
42 0.667000 0.487067  
43 0.667000 0.482097  
44 0.667000 0.482097  
45 0.667000 0.487875  
46 0.667000 0.493303  
47 0.667000 0.498412  
48 0.667000 0.502114  
49 0.667000 0.502114  
