0 12.940000 7.492222  
1 12.940000 7.492222  
2 12.940000 7.492222  
3 12.940000 7.492222  
4 12.940000 7.492222  
5 12.940000 7.492222  
6 12.940000 7.540000  
7 12.940000 7.540000  
8 12.940000 7.540000  
9 12.940000 7.540000  
10 12.940000 7.540000  
11 12.940000 7.540000  
12 12.940000 7.540000  
13 12.940000 7.540000  
14 12.940000 7.540000  
15 12.940000 7.540000  
16 12.940000 7.540000  
17 12.940000 7.540000  
18 12.940000 7.540000  
19 12.940000 7.540000  
20 12.940000 7.540000  
21 12.940000 7.540000  
22 12.940000 7.540000  
23 12.940000 7.540000  
24 12.940000 7.540000  
25 12.940000 7.540000  
26 12.940000 7.540000  
27 12.940000 7.540000  
28 12.940000 7.540000  
29 12.940000 7.540000  
30 12.940000 7.540000  
31 12.940000 7.540000  
32 12.940000 7.540000  
33 12.940000 7.540000  
34 12.940000 7.540000  
35 12.940000 7.540000  
36 12.940000 7.540000  
37 12.940000 7.540000  
38 12.940000 7.540000  
39 12.940000 7.540000  
40 12.940000 7.540000  
41 12.940000 7.540000  
42 12.940000 7.540000  
43 12.940000 7.540000  
44 12.940000 7.540000  
45 12.940000 7.540000  
46 12.940000 7.540000  
47 12.940000 7.540000  
48 12.940000 7.540000  
49 12.940000 7.565556  
50 12.940000 7.565556  
51 12.940000 7.565556  
52 12.940000 7.565556  
53 12.940000 7.565556  
54 12.940000 7.568889  
55 12.940000 7.568889  
56 12.940000 7.568889  
57 12.940000 7.568889  
58 12.940000 7.568889  
59 12.940000 7.568889  
60 12.940000 7.568889  
61 12.940000 7.568889  
62 12.940000 7.568889  
63 12.940000 7.568889  
64 12.940000 7.568889  
65 12.940000 7.568889  
66 12.940000 7.568889  
67 12.940000 7.568889  
68 12.940000 7.568889  
69 12.940000 7.568889  
70 12.940000 7.568889  
71 12.940000 7.568889  
72 12.940000 7.568889  
73 12.940000 7.568889  
74 12.940000 7.568889  
75 12.940000 7.568889  
76 12.940000 7.568889  
77 12.940000 7.568889  
78 12.940000 7.568889  
79 12.940000 7.568889  
80 12.940000 7.568889  
81 12.940000 7.568889  
82 12.940000 7.568889  
83 12.940000 7.568889  
84 12.940000 7.568889  
85 12.940000 7.568889  
86 12.940000 7.568889  
87 12.940000 7.568889  
88 12.940000 7.568889  
89 12.940000 7.568889  
90 12.940000 7.568889  
91 12.940000 7.568889  
92 12.940000 7.568889  
93 12.940000 7.568889  
94 12.940000 7.568889  
95 12.940000 7.568889  
96 12.940000 7.568889  
97 12.940000 7.568889  
98 12.940000 7.568889  
99 12.940000 7.568889  
100 12.940000 7.568889  
101 12.940000 7.568889  
102 12.940000 7.573333  
103 12.940000 7.573333  
104 12.940000 7.573333  
105 12.940000 7.573333  
106 12.940000 7.573333  
107 12.940000 7.573333  
108 12.940000 7.573333  
109 12.940000 7.573333  
110 12.940000 7.573333  
111 12.940000 7.573333  
112 12.940000 7.573333  
113 12.940000 7.573333  
114 12.940000 7.573333  
115 12.940000 7.590000  
116 12.940000 7.590000  
117 12.940000 7.590000  
118 12.940000 7.590000  
119 12.940000 7.590000  
120 12.940000 7.590000  
121 12.940000 7.590000  
122 12.940000 7.590000  
123 12.940000 7.590000  
124 12.940000 7.590000  
125 12.940000 7.590000  
126 12.940000 7.590000  
127 12.940000 7.590000  
128 12.940000 7.590000  
129 12.940000 7.590000  
130 12.940000 7.590000  
131 12.940000 7.590000  
132 12.940000 7.590000  
133 12.940000 7.590000  
134 12.940000 7.590000  
135 12.940000 7.590000  
136 12.940000 7.590000  
137 12.940000 7.590000  
138 12.940000 7.590000  
139 12.940000 7.590000  
140 12.940000 7.590000  
141 12.940000 7.590000  
142 12.940000 7.590000  
143 12.940000 7.590000  
144 12.940000 7.590000  
145 12.940000 7.590000  
146 12.940000 7.590000  
147 12.940000 7.590000  
148 12.940000 7.590000  
149 12.940000 7.590000  
150 12.940000 7.590000  
151 12.940000 7.590000  
152 12.940000 7.590000  
153 12.940000 7.590000  
154 12.940000 7.590000  
155 12.940000 7.590000  
156 12.940000 7.590000  
157 12.940000 7.590000  
158 12.940000 7.590000  
159 12.940000 7.590000  
160 12.940000 7.590000  
161 12.940000 7.590000  
162 12.940000 7.590000  
163 12.940000 7.590000  
164 12.940000 7.590000  
165 12.940000 7.590000  
166 12.940000 7.590000  
167 12.940000 7.590000  
168 12.940000 7.590000  
169 12.940000 7.590000  
170 12.940000 7.590000  
171 12.940000 7.590000  
172 12.940000 7.590000  
173 12.940000 7.590000  
174 12.940000 7.590000  
175 12.940000 7.590000  
176 12.940000 7.590000  
177 12.940000 7.590000  
178 12.940000 7.590000  
179 12.940000 7.590000  
180 12.940000 7.590000  
181 12.940000 7.590000  
182 12.940000 7.590000  
183 12.940000 7.590000  
184 12.940000 7.590000  
185 12.940000 7.590000  
186 12.940000 7.590000  
187 12.940000 7.590000  
188 12.940000 7.590000  
189 12.940000 7.590000  
190 12.940000 7.590000  
191 12.940000 7.590000  
192 12.940000 7.590000  
193 12.940000 7.590000  
194 12.940000 7.590000  
195 12.940000 7.590000  
196 12.940000 7.590000  
197 12.940000 7.590000  
198 12.940000 7.590000  
199 12.940000 7.590000  
