0 11.260000 5.943333  
1 11.260000 5.943333  
2 11.260000 5.943333  
3 11.260000 5.943333  
4 11.260000 5.943333  
5 11.260000 5.943333  
6 11.690000 5.991111  
7 11.690000 5.991111  
8 11.690000 5.997778  
9 11.690000 6.011111  
10 11.690000 6.011111  
11 11.690000 6.011111  
12 11.690000 6.011111  
13 11.690000 6.011111  
14 11.690000 6.011111  
15 11.690000 6.011111  
16 11.690000 6.011111  
17 11.690000 6.011111  
18 11.690000 6.011111  
19 11.690000 6.011111  
20 11.690000 6.011111  
21 11.690000 6.011111  
22 11.690000 6.011111  
23 11.690000 6.011111  
24 11.690000 6.011111  
25 11.690000 6.011111  
26 11.690000 6.011111  
27 11.690000 6.011111  
28 11.690000 6.011111  
29 11.690000 6.011111  
30 11.690000 6.011111  
31 11.690000 6.011111  
32 11.690000 6.011111  
33 11.690000 6.011111  
34 11.690000 6.011111  
35 11.690000 6.011111  
36 11.690000 6.011111  
37 11.690000 6.011111  
38 11.690000 6.011111  
39 11.690000 6.011111  
40 11.690000 6.011111  
41 11.690000 6.011111  
42 11.690000 6.011111  
43 11.690000 6.011111  
44 11.690000 6.011111  
45 11.690000 6.011111  
46 11.690000 6.011111  
47 11.690000 6.011111  
48 11.690000 6.011111  
49 11.690000 6.011111  
50 11.690000 6.011111  
51 11.690000 6.015556  
52 11.690000 6.015556  
53 11.690000 6.015556  
54 11.690000 6.015556  
55 11.690000 6.015556  
56 11.690000 6.015556  
57 11.690000 6.015556  
58 11.690000 6.015556  
59 11.690000 6.015556  
60 11.690000 6.015556  
61 11.690000 6.015556  
62 11.690000 6.015556  
63 11.690000 6.015556  
64 11.690000 6.015556  
65 11.690000 6.015556  
66 11.690000 6.015556  
67 11.690000 6.015556  
68 11.690000 6.015556  
69 11.690000 6.015556  
70 11.690000 6.015556  
71 11.690000 6.015556  
72 11.690000 6.015556  
73 11.690000 6.015556  
74 11.840000 6.087778  
75 11.840000 6.087778  
76 11.840000 6.087778  
77 11.840000 6.087778  
78 11.840000 6.107778  
79 11.840000 6.107778  
80 11.840000 6.107778  
81 11.840000 6.107778  
82 11.840000 6.107778  
83 11.840000 6.107778  
84 11.840000 6.107778  
85 11.840000 6.107778  
86 11.840000 6.107778  
87 11.840000 6.107778  
88 11.840000 6.107778  
89 11.840000 6.107778  
90 11.840000 6.107778  
91 11.840000 6.107778  
92 11.840000 6.107778  
93 11.840000 6.107778  
94 11.840000 6.107778  
95 11.840000 6.107778  
96 11.840000 6.107778  
97 11.840000 6.107778  
98 11.840000 6.107778  
99 11.840000 6.107778  
100 11.840000 6.107778  
101 11.840000 6.107778  
102 11.840000 6.107778  
103 11.840000 6.148889  
104 11.840000 6.148889  
105 11.840000 6.148889  
106 11.840000 6.148889  
107 11.840000 6.148889  
108 11.840000 6.148889  
109 11.840000 6.148889  
110 11.840000 6.148889  
111 11.840000 6.148889  
112 11.840000 6.148889  
113 11.840000 6.148889  
114 11.840000 6.148889  
115 11.840000 6.148889  
116 11.840000 6.148889  
117 11.840000 6.148889  
118 11.840000 6.148889  
119 11.840000 6.148889  
120 11.840000 6.148889  
121 11.840000 6.148889  
122 11.840000 6.148889  
123 11.840000 6.148889  
124 11.840000 6.148889  
125 11.840000 6.148889  
126 11.840000 6.148889  
127 11.840000 6.148889  
128 11.840000 6.148889  
129 11.840000 6.148889  
130 11.840000 6.148889  
131 11.840000 6.148889  
132 11.840000 6.148889  
133 11.840000 6.148889  
134 11.840000 6.148889  
135 11.840000 6.148889  
136 11.840000 6.148889  
137 11.840000 6.150000  
138 11.840000 6.150000  
139 11.840000 6.150000  
140 11.840000 6.150000  
141 11.840000 6.150000  
142 11.840000 6.150000  
143 11.840000 6.150000  
144 11.840000 6.150000  
145 11.840000 6.150000  
146 11.840000 6.150000  
147 11.840000 6.150000  
148 11.840000 6.150000  
149 11.840000 6.150000  
150 11.840000 6.150000  
151 11.840000 6.150000  
152 11.840000 6.150000  
153 11.840000 6.150000  
154 11.840000 6.150000  
155 11.840000 6.150000  
156 11.840000 6.150000  
157 11.840000 6.150000  
158 11.840000 6.150000  
159 11.840000 6.150000  
160 11.840000 6.150000  
161 11.840000 6.150000  
162 11.840000 6.150000  
163 11.840000 6.150000  
164 11.840000 6.150000  
165 11.840000 6.150000  
166 11.840000 6.150000  
167 11.840000 6.150000  
168 11.840000 6.150000  
169 11.840000 6.150000  
170 11.840000 6.150000  
171 11.840000 6.150000  
172 11.840000 6.150000  
173 11.840000 6.150000  
174 11.840000 6.150000  
175 11.840000 6.150000  
176 11.840000 6.150000  
177 11.840000 6.150000  
178 11.840000 6.150000  
179 11.840000 6.150000  
180 11.840000 6.150000  
181 11.840000 6.150000  
182 11.840000 6.150000  
183 11.840000 6.150000  
184 11.840000 6.150000  
185 11.840000 6.150000  
186 11.840000 6.150000  
187 11.840000 6.150000  
188 11.940000 6.161111  
189 11.940000 6.161111  
190 11.940000 6.161111  
191 11.940000 6.161111  
192 11.940000 6.161111  
193 11.940000 6.161111  
194 11.940000 6.161111  
195 11.940000 6.161111  
196 11.940000 6.161111  
197 11.940000 6.161111  
198 11.940000 6.161111  
199 11.940000 6.184444  
200 11.940000 6.184444  
201 11.940000 6.184444  
202 11.940000 6.184444  
203 11.940000 6.184444  
204 11.940000 6.184444  
205 11.940000 6.184444  
206 11.940000 6.184444  
207 11.940000 6.184444  
208 11.940000 6.184444  
209 11.940000 6.184444  
210 11.940000 6.184444  
211 11.940000 6.184444  
212 11.940000 6.184444  
213 11.940000 6.184444  
214 11.940000 6.184444  
215 11.940000 6.184444  
216 11.940000 6.184444  
217 11.940000 6.184444  
218 11.940000 6.184444  
219 11.940000 6.184444  
220 11.940000 6.184444  
221 11.940000 6.184444  
222 11.940000 6.184444  
223 11.940000 6.184444  
224 11.940000 6.184444  
225 11.940000 6.184444  
226 11.940000 6.184444  
227 11.940000 6.184444  
228 11.940000 6.184444  
229 11.940000 6.184444  
230 11.940000 6.184444  
231 11.940000 6.184444  
232 11.940000 6.184444  
233 11.940000 6.184444  
234 11.940000 6.184444  
235 11.940000 6.184444  
236 11.940000 6.184444  
237 11.940000 6.184444  
238 11.940000 6.184444  
239 11.940000 6.184444  
240 11.940000 6.184444  
241 11.940000 6.184444  
242 11.940000 6.187778  
243 11.940000 6.253333  
244 11.940000 6.253333  
245 11.940000 6.253333  
246 11.940000 6.253333  
247 11.940000 6.253333  
248 11.940000 6.253333  
249 11.940000 6.253333  
250 11.940000 6.253333  
251 11.940000 6.253333  
252 11.940000 6.253333  
253 11.940000 6.253333  
254 11.940000 6.253333  
255 11.940000 6.253333  
256 11.940000 6.253333  
257 11.940000 6.253333  
258 11.940000 6.253333  
259 11.940000 6.253333  
260 11.940000 6.253333  
261 11.940000 6.253333  
262 11.940000 6.253333  
263 11.940000 6.253333  
264 11.940000 6.253333  
265 11.940000 6.253333  
266 11.940000 6.253333  
267 11.940000 6.253333  
268 11.940000 6.253333  
269 11.940000 6.253333  
270 11.940000 6.253333  
271 11.940000 6.253333  
272 11.940000 6.254444  
273 11.940000 6.254444  
274 11.940000 6.254444  
275 11.940000 6.254444  
276 11.940000 6.254444  
277 11.940000 6.254444  
278 11.940000 6.254444  
279 11.940000 6.254444  
280 11.940000 6.254444  
281 11.940000 6.254444  
282 11.940000 6.280000  
283 11.940000 6.280000  
284 11.940000 6.280000  
285 11.940000 6.280000  
286 11.940000 6.280000  
287 11.940000 6.280000  
288 11.940000 6.280000  
289 11.940000 6.280000  
290 11.940000 6.280000  
291 11.940000 6.280000  
292 11.940000 6.280000  
293 11.940000 6.280000  
294 11.940000 6.280000  
295 11.940000 6.280000  
296 11.940000 6.280000  
297 11.940000 6.280000  
298 11.940000 6.280000  
299 11.940000 6.280000  
300 11.940000 6.280000  
301 11.940000 6.280000  
302 11.940000 6.280000  
303 11.940000 6.280000  
304 11.940000 6.280000  
305 11.940000 6.280000  
306 11.940000 6.280000  
307 11.940000 6.280000  
308 11.940000 6.280000  
309 11.940000 6.280000  
310 11.940000 6.280000  
311 11.940000 6.280000  
312 11.940000 6.280000  
313 11.940000 6.280000  
314 11.940000 6.280000  
315 11.940000 6.280000  
316 11.940000 6.280000  
317 11.940000 6.280000  
318 11.940000 6.280000  
319 11.940000 6.280000  
320 11.940000 6.280000  
321 11.940000 6.280000  
322 11.940000 6.290000  
323 11.940000 6.290000  
324 11.940000 6.290000  
325 11.940000 6.290000  
326 11.940000 6.290000  
327 11.940000 6.290000  
328 11.940000 6.290000  
329 11.940000 6.290000  
330 11.940000 6.292222  
331 11.940000 6.292222  
332 11.940000 6.292222  
333 11.940000 6.292222  
334 11.940000 6.292222  
335 11.940000 6.292222  
336 11.940000 6.292222  
337 11.940000 6.292222  
338 11.940000 6.292222  
339 12.080000 6.307778  
340 12.080000 6.307778  
341 12.080000 6.307778  
342 12.080000 6.307778  
343 12.080000 6.307778  
344 12.080000 6.307778  
345 12.080000 6.307778  
346 12.080000 6.307778  
347 12.080000 6.307778  
348 12.080000 6.307778  
349 12.080000 6.307778  
350 12.080000 6.307778  
351 12.080000 6.307778  
352 12.080000 6.307778  
353 12.080000 6.322222  
354 12.080000 6.322222  
355 12.080000 6.322222  
356 12.080000 6.322222  
357 12.080000 6.322222  
358 12.080000 6.322222  
359 12.080000 6.322222  
360 12.080000 6.322222  
361 12.080000 6.322222  
362 12.080000 6.322222  
363 12.080000 6.322222  
364 12.080000 6.332222  
365 12.080000 6.332222  
366 12.080000 6.332222  
367 12.080000 6.332222  
368 12.080000 6.332222  
369 12.080000 6.332222  
370 12.080000 6.332222  
371 12.080000 6.332222  
372 12.080000 6.332222  
373 12.080000 6.332222  
374 12.080000 6.332222  
375 12.080000 6.332222  
376 12.080000 6.332222  
377 12.080000 6.332222  
378 12.080000 6.332222  
379 12.080000 6.332222  
380 12.080000 6.332222  
381 12.080000 6.332222  
382 12.080000 6.332222  
383 12.080000 6.332222  
384 12.080000 6.332222  
385 12.080000 6.332222  
386 12.080000 6.332222  
387 12.080000 6.332222  
388 12.080000 6.332222  
389 12.080000 6.332222  
390 12.080000 6.332222  
391 12.080000 6.332222  
392 12.080000 6.332222  
393 12.080000 6.332222  
394 12.080000 6.332222  
395 12.080000 6.332222  
396 12.080000 6.332222  
397 12.080000 6.332222  
398 12.080000 6.332222  
399 12.080000 6.332222  
400 12.080000 6.332222  
401 12.080000 6.332222  
402 12.080000 6.361111  
403 12.080000 6.361111  
404 12.080000 6.361111  
405 12.080000 6.361111  
406 12.080000 6.361111  
407 12.080000 6.361111  
408 12.080000 6.361111  
409 12.080000 6.361111  
410 12.080000 6.440000  
411 12.080000 6.440000  
412 12.080000 6.440000  
413 12.080000 6.440000  
414 12.080000 6.440000  
415 12.080000 6.440000  
416 12.080000 6.440000  
417 12.080000 6.440000  
418 12.080000 6.440000  
419 12.080000 6.440000  
420 12.080000 6.440000  
421 12.080000 6.440000  
422 12.080000 6.440000  
423 12.080000 6.440000  
424 12.080000 6.440000  
425 12.080000 6.440000  
426 12.080000 6.440000  
427 12.080000 6.440000  
428 12.080000 6.440000  
429 12.080000 6.440000  
430 12.080000 6.440000  
431 12.080000 6.440000  
432 12.080000 6.440000  
433 12.080000 6.440000  
434 12.080000 6.440000  
435 12.080000 6.440000  
436 12.080000 6.440000  
437 12.080000 6.440000  
438 12.080000 6.440000  
439 12.080000 6.440000  
440 12.080000 6.440000  
441 12.080000 6.440000  
442 12.080000 6.440000  
443 12.080000 6.440000  
444 12.080000 6.440000  
445 12.080000 6.440000  
446 12.080000 6.440000  
447 12.080000 6.440000  
448 12.080000 6.440000  
449 12.080000 6.440000  
450 12.080000 6.440000  
451 12.080000 6.440000  
452 12.080000 6.440000  
453 12.080000 6.440000  
454 12.080000 6.440000  
455 12.080000 6.440000  
456 12.080000 6.440000  
457 12.080000 6.440000  
458 12.080000 6.440000  
459 12.080000 6.440000  
460 12.080000 6.440000  
461 12.080000 6.440000  
462 12.080000 6.440000  
463 12.080000 6.440000  
464 12.080000 6.440000  
465 12.080000 6.440000  
466 12.080000 6.440000  
467 12.080000 6.440000  
468 12.080000 6.440000  
469 12.080000 6.440000  
470 12.080000 6.440000  
471 12.080000 6.440000  
472 12.080000 6.440000  
473 12.080000 6.440000  
474 12.080000 6.440000  
475 12.080000 6.440000  
476 12.080000 6.440000  
477 12.080000 6.440000  
478 12.080000 6.440000  
479 12.080000 6.440000  
480 12.080000 6.440000  
481 12.080000 6.440000  
482 12.080000 6.440000  
483 12.080000 6.440000  
484 12.080000 6.440000  
485 12.080000 6.440000  
486 12.080000 6.440000  
487 12.080000 6.440000  
488 12.080000 6.440000  
489 12.080000 6.440000  
490 12.080000 6.440000  
491 12.080000 6.440000  
492 12.080000 6.444444  
493 12.080000 6.444444  
494 12.080000 6.444444  
495 12.080000 6.444444  
496 12.080000 6.444444  
497 12.080000 6.444444  
498 12.080000 6.444444  
499 12.080000 6.444444  
