0 3.760000 1.675556  
1 3.760000 1.675556  
2 3.760000 1.688889  
3 3.760000 1.688889  
4 3.760000 1.688889  
5 3.760000 1.688889  
6 3.760000 1.688889  
7 3.760000 1.688889  
8 3.760000 1.700000  
9 3.760000 1.700000  
10 3.760000 1.700000  
11 3.760000 1.700000  
12 3.760000 1.700000  
13 3.760000 1.700000  
14 3.760000 1.700000  
15 3.760000 1.700000  
16 3.760000 1.700000  
17 3.760000 1.700000  
18 3.760000 1.700000  
19 3.760000 1.700000  
20 3.760000 1.700000  
21 3.760000 1.700000  
22 3.760000 1.700000  
23 3.760000 1.700000  
24 3.760000 1.700000  
25 3.760000 1.700000  
26 3.760000 1.700000  
27 3.760000 1.700000  
28 3.760000 1.700000  
29 3.760000 1.700000  
30 3.760000 1.700000  
31 3.760000 1.700000  
32 3.760000 1.700000  
33 3.760000 1.700000  
34 3.760000 1.700000  
35 3.760000 1.700000  
36 3.760000 1.700000  
37 3.760000 1.700000  
38 3.760000 1.700000  
39 3.760000 1.700000  
40 3.760000 1.700000  
41 3.760000 1.700000  
42 3.760000 1.700000  
43 3.760000 1.700000  
44 3.760000 1.728889  
45 3.760000 1.728889  
46 3.760000 1.728889  
47 3.760000 1.728889  
48 3.760000 1.728889  
49 3.760000 1.728889  
50 3.760000 1.728889  
51 3.760000 1.728889  
52 3.760000 1.728889  
53 3.760000 1.728889  
54 3.760000 1.728889  
55 3.760000 1.728889  
56 3.760000 1.728889  
57 3.760000 1.728889  
58 3.760000 1.728889  
59 3.760000 1.728889  
60 3.760000 1.728889  
61 3.760000 1.728889  
62 3.760000 1.728889  
63 3.760000 1.728889  
64 3.760000 1.728889  
65 3.820000 1.770000  
66 3.820000 1.770000  
67 3.820000 1.770000  
68 3.820000 1.770000  
69 3.820000 1.770000  
70 3.820000 1.770000  
71 3.820000 1.770000  
72 3.820000 1.770000  
73 3.820000 1.770000  
74 3.820000 1.770000  
75 3.820000 1.770000  
76 3.820000 1.770000  
77 3.820000 1.770000  
78 3.820000 1.770000  
79 3.820000 1.770000  
80 3.820000 1.770000  
81 3.820000 1.770000  
82 3.820000 1.770000  
83 3.820000 1.770000  
84 3.820000 1.770000  
85 3.820000 1.770000  
86 3.820000 1.770000  
87 3.820000 1.770000  
88 3.820000 1.770000  
89 3.820000 1.770000  
90 3.820000 1.770000  
91 3.820000 1.770000  
92 3.820000 1.770000  
93 3.820000 1.770000  
94 3.820000 1.770000  
95 3.820000 1.770000  
96 3.820000 1.770000  
97 3.820000 1.770000  
98 3.820000 1.770000  
99 3.820000 1.770000  
100 3.820000 1.770000  
101 3.820000 1.770000  
102 3.820000 1.770000  
103 3.820000 1.770000  
104 3.820000 1.770000  
105 3.820000 1.770000  
106 3.820000 1.770000  
107 3.820000 1.770000  
108 3.820000 1.770000  
109 3.820000 1.770000  
110 3.820000 1.770000  
111 3.820000 1.770000  
112 3.820000 1.770000  
113 3.820000 1.770000  
114 3.820000 1.770000  
115 3.820000 1.770000  
116 3.820000 1.770000  
117 3.820000 1.770000  
118 3.820000 1.770000  
119 3.820000 1.770000  
120 3.820000 1.770000  
121 3.820000 1.770000  
122 3.820000 1.770000  
123 3.820000 1.770000  
124 3.820000 1.770000  
125 3.820000 1.770000  
126 3.820000 1.770000  
127 3.820000 1.770000  
128 3.820000 1.770000  
129 3.820000 1.770000  
130 3.820000 1.770000  
131 3.820000 1.770000  
132 3.910000 1.787778  
133 3.910000 1.787778  
134 3.910000 1.787778  
135 3.910000 1.787778  
136 3.910000 1.787778  
137 3.910000 1.787778  
138 3.910000 1.787778  
139 3.910000 1.787778  
140 3.910000 1.787778  
141 3.910000 1.787778  
142 3.910000 1.787778  
143 3.910000 1.787778  
144 3.910000 1.787778  
145 3.910000 1.787778  
146 3.910000 1.787778  
147 3.910000 1.787778  
148 3.910000 1.787778  
149 3.910000 1.787778  
150 3.910000 1.787778  
151 3.910000 1.787778  
152 3.910000 1.787778  
153 3.910000 1.787778  
154 3.910000 1.787778  
155 3.910000 1.787778  
156 3.910000 1.787778  
157 3.910000 1.787778  
158 3.910000 1.787778  
159 3.910000 1.787778  
160 3.910000 1.787778  
161 3.910000 1.787778  
162 3.910000 1.787778  
163 3.910000 1.787778  
164 3.910000 1.787778  
165 3.910000 1.787778  
166 3.910000 1.787778  
167 3.910000 1.787778  
168 3.910000 1.787778  
169 3.910000 1.787778  
170 3.910000 1.787778  
171 3.910000 1.787778  
172 3.910000 1.787778  
173 3.910000 1.787778  
174 3.910000 1.787778  
175 3.910000 1.787778  
176 3.910000 1.787778  
177 3.910000 1.787778  
178 3.910000 1.787778  
179 3.910000 1.787778  
180 3.910000 1.787778  
181 3.910000 1.787778  
182 3.910000 1.787778  
183 3.910000 1.787778  
184 3.910000 1.787778  
185 3.910000 1.787778  
186 3.910000 1.787778  
187 3.910000 1.787778  
188 3.910000 1.787778  
189 3.910000 1.787778  
190 3.910000 1.795556  
191 3.910000 1.795556  
192 3.910000 1.795556  
193 3.910000 1.795556  
194 3.910000 1.795556  
195 3.910000 1.795556  
196 3.910000 1.795556  
197 3.910000 1.795556  
198 3.910000 1.795556  
199 3.910000 1.795556  
200 3.910000 1.795556  
201 3.910000 1.795556  
202 3.910000 1.795556  
203 3.910000 1.795556  
204 3.910000 1.795556  
205 3.910000 1.795556  
206 3.910000 1.795556  
207 3.910000 1.795556  
208 3.910000 1.795556  
209 3.910000 1.795556  
210 3.910000 1.795556  
211 3.910000 1.795556  
212 3.910000 1.795556  
213 3.910000 1.795556  
214 3.910000 1.795556  
215 3.910000 1.795556  
216 3.910000 1.795556  
217 3.910000 1.795556  
218 3.910000 1.795556  
219 3.910000 1.795556  
220 3.910000 1.795556  
221 3.910000 1.795556  
222 3.910000 1.795556  
223 3.910000 1.795556  
224 3.910000 1.795556  
225 3.910000 1.795556  
226 3.910000 1.795556  
227 3.910000 1.795556  
228 3.910000 1.795556  
229 3.910000 1.795556  
230 3.910000 1.795556  
231 3.910000 1.795556  
232 3.910000 1.795556  
233 3.910000 1.795556  
234 3.910000 1.795556  
235 3.910000 1.795556  
236 3.910000 1.795556  
237 3.910000 1.795556  
238 3.910000 1.795556  
239 3.910000 1.795556  
240 3.910000 1.795556  
241 3.910000 1.795556  
242 3.910000 1.795556  
243 3.910000 1.795556  
244 4.150000 1.822222  
245 4.150000 1.822222  
246 4.150000 1.822222  
247 4.150000 1.822222  
248 4.150000 1.822222  
249 4.150000 1.822222  
250 4.150000 1.822222  
251 4.150000 1.822222  
252 4.150000 1.822222  
253 4.150000 1.822222  
254 4.150000 1.822222  
255 4.150000 1.822222  
256 4.150000 1.822222  
257 4.150000 1.822222  
258 4.150000 1.822222  
259 4.150000 1.822222  
260 4.150000 1.822222  
261 4.150000 1.822222  
262 4.150000 1.822222  
263 4.150000 1.822222  
264 4.150000 1.822222  
265 4.150000 1.822222  
266 4.150000 1.822222  
267 4.150000 1.822222  
268 4.150000 1.822222  
269 4.150000 1.822222  
270 4.150000 1.822222  
271 4.150000 1.822222  
272 4.150000 1.822222  
273 4.150000 1.822222  
274 4.150000 1.822222  
275 4.150000 1.822222  
276 4.150000 1.822222  
277 4.150000 1.822222  
278 4.150000 1.822222  
279 4.150000 1.822222  
280 4.150000 1.822222  
281 4.150000 1.822222  
282 4.150000 1.822222  
283 4.150000 1.822222  
284 4.150000 1.822222  
285 4.150000 1.822222  
286 4.150000 1.822222  
287 4.150000 1.822222  
288 4.150000 1.822222  
289 4.150000 1.822222  
290 4.150000 1.823333  
291 4.150000 1.823333  
292 4.150000 1.823333  
293 4.150000 1.823333  
294 4.150000 1.823333  
295 4.150000 1.823333  
296 4.150000 1.823333  
297 4.150000 1.823333  
298 4.150000 1.823333  
299 4.150000 1.823333  
300 4.150000 1.823333  
301 4.150000 1.823333  
302 4.150000 1.823333  
303 4.150000 1.823333  
304 4.150000 1.823333  
305 4.150000 1.823333  
306 4.150000 1.823333  
307 4.150000 1.823333  
308 4.150000 1.823333  
309 4.150000 1.823333  
310 4.150000 1.823333  
311 4.150000 1.823333  
312 4.150000 1.823333  
313 4.150000 1.823333  
314 4.150000 1.823333  
315 4.150000 1.823333  
316 4.150000 1.823333  
317 4.150000 1.823333  
318 4.150000 1.823333  
319 4.150000 1.823333  
320 4.150000 1.823333  
321 4.150000 1.823333  
322 4.150000 1.823333  
323 4.150000 1.823333  
324 4.150000 1.823333  
325 4.150000 1.823333  
326 4.150000 1.823333  
327 4.150000 1.823333  
328 4.150000 1.823333  
329 4.150000 1.823333  
330 4.150000 1.823333  
331 4.150000 1.823333  
332 4.150000 1.823333  
333 4.150000 1.823333  
334 4.150000 1.823333  
335 4.150000 1.823333  
336 4.150000 1.823333  
337 4.150000 1.823333  
338 4.150000 1.823333  
339 4.150000 1.823333  
340 4.150000 1.823333  
341 4.150000 1.823333  
342 4.150000 1.823333  
343 4.150000 1.823333  
344 4.150000 1.823333  
345 4.150000 1.823333  
346 4.150000 1.823333  
347 4.150000 1.823333  
348 4.150000 1.823333  
349 4.150000 1.823333  
350 4.150000 1.823333  
351 4.150000 1.823333  
352 4.150000 1.823333  
353 4.150000 1.823333  
354 4.150000 1.823333  
355 4.150000 1.837778  
356 4.150000 1.837778  
357 4.150000 1.837778  
358 4.150000 1.837778  
359 4.150000 1.837778  
360 4.150000 1.837778  
361 4.150000 1.837778  
362 4.150000 1.837778  
363 4.150000 1.837778  
364 4.150000 1.837778  
365 4.150000 1.837778  
366 4.150000 1.837778  
367 4.150000 1.837778  
368 4.150000 1.837778  
369 4.150000 1.837778  
370 4.150000 1.837778  
371 4.150000 1.837778  
372 4.150000 1.837778  
373 4.150000 1.837778  
374 4.150000 1.837778  
375 4.150000 1.837778  
376 4.150000 1.837778  
377 4.150000 1.837778  
378 4.150000 1.837778  
379 4.150000 1.837778  
380 4.150000 1.837778  
381 4.150000 1.837778  
382 4.150000 1.837778  
383 4.150000 1.837778  
384 4.150000 1.837778  
385 4.150000 1.837778  
386 4.150000 1.854444  
387 4.150000 1.854444  
388 4.150000 1.854444  
389 4.150000 1.854444  
390 4.150000 1.854444  
391 4.150000 1.854444  
392 4.150000 1.854444  
393 4.150000 1.854444  
394 4.150000 1.854444  
395 4.150000 1.854444  
396 4.150000 1.854444  
397 4.150000 1.854444  
398 4.150000 1.854444  
399 4.150000 1.854444  
400 4.150000 1.856667  
401 4.150000 1.856667  
402 4.150000 1.856667  
403 4.150000 1.856667  
404 4.150000 1.856667  
405 4.150000 1.856667  
406 4.150000 1.856667  
407 4.150000 1.856667  
408 4.150000 1.856667  
409 4.150000 1.856667  
410 4.150000 1.856667  
411 4.150000 1.856667  
412 4.150000 1.856667  
413 4.150000 1.856667  
414 4.150000 1.856667  
415 4.150000 1.856667  
416 4.150000 1.856667  
417 4.150000 1.856667  
418 4.150000 1.856667  
419 4.150000 1.856667  
420 4.150000 1.856667  
421 4.150000 1.856667  
422 4.150000 1.856667  
423 4.150000 1.856667  
424 4.150000 1.856667  
425 4.150000 1.856667  
426 4.150000 1.856667  
427 4.150000 1.856667  
428 4.150000 1.856667  
429 4.150000 1.856667  
430 4.150000 1.856667  
431 4.150000 1.856667  
432 4.150000 1.856667  
433 4.150000 1.856667  
434 4.150000 1.856667  
435 4.150000 1.856667  
436 4.150000 1.856667  
437 4.150000 1.856667  
438 4.150000 1.856667  
439 4.150000 1.883333  
440 4.150000 1.883333  
441 4.150000 1.883333  
442 4.150000 1.883333  
443 4.150000 1.883333  
444 4.150000 1.883333  
445 4.150000 1.883333  
446 4.150000 1.883333  
447 4.150000 1.883333  
448 4.150000 1.883333  
449 4.150000 1.883333  
450 4.150000 1.883333  
451 4.150000 1.883333  
452 4.150000 1.883333  
453 4.150000 1.883333  
454 4.150000 1.883333  
455 4.150000 1.883333  
456 4.150000 1.883333  
457 4.150000 1.883333  
458 4.150000 1.883333  
459 4.150000 1.883333  
460 4.150000 1.883333  
461 4.150000 1.883333  
462 4.150000 1.883333  
463 4.150000 1.883333  
464 4.150000 1.883333  
465 4.150000 1.883333  
466 4.150000 1.883333  
467 4.150000 1.883333  
468 4.150000 1.883333  
469 4.150000 1.883333  
470 4.150000 1.883333  
471 4.150000 1.883333  
472 4.150000 1.883333  
473 4.150000 1.883333  
474 4.150000 1.883333  
475 4.150000 1.883333  
476 4.150000 1.883333  
477 4.150000 1.883333  
478 4.150000 1.883333  
479 4.150000 1.883333  
480 4.150000 1.883333  
481 4.150000 1.883333  
482 4.150000 1.883333  
483 4.150000 1.883333  
484 4.150000 1.883333  
485 4.150000 1.883333  
486 4.150000 1.883333  
487 4.150000 1.883333  
488 4.150000 1.883333  
489 4.150000 1.883333  
490 4.150000 1.883333  
491 4.150000 1.883333  
492 4.150000 1.883333  
493 4.150000 1.883333  
494 4.150000 1.883333  
495 4.150000 1.883333  
496 4.150000 1.883333  
497 4.150000 1.883333  
498 4.150000 1.883333  
499 4.150000 1.883333  
