0 0.700000 0.248889  
1 0.700000 0.248889  
2 0.700000 0.248889  
3 0.700000 0.248889  
4 0.700000 0.248889  
5 0.700000 0.248889  
6 0.700000 0.248889  
7 0.700000 0.248889  
8 0.700000 0.248889  
9 0.700000 0.248889  
10 0.960000 0.277778  
11 0.960000 0.287778  
12 0.960000 0.287778  
13 0.960000 0.287778  
14 0.960000 0.287778  
15 0.960000 0.287778  
16 0.960000 0.287778  
17 0.960000 0.287778  
18 0.980000 0.290000  
19 0.980000 0.290000  
20 0.980000 0.290000  
21 0.980000 0.290000  
22 0.980000 0.290000  
23 0.980000 0.290000  
24 0.980000 0.290000  
25 0.980000 0.290000  
26 0.980000 0.290000  
27 0.980000 0.290000  
28 0.980000 0.290000  
29 0.980000 0.290000  
30 0.980000 0.290000  
31 0.980000 0.290000  
32 1.300000 0.325556  
33 1.300000 0.325556  
34 1.300000 0.325556  
35 1.300000 0.325556  
36 1.300000 0.325556  
37 1.300000 0.325556  
38 1.300000 0.325556  
39 1.300000 0.325556  
40 1.300000 0.376667  
41 1.300000 0.376667  
42 1.300000 0.376667  
43 1.300000 0.376667  
44 1.300000 0.376667  
45 1.300000 0.376667  
46 1.300000 0.376667  
47 1.300000 0.376667  
48 1.300000 0.376667  
49 1.300000 0.376667  
50 1.300000 0.376667  
51 1.300000 0.376667  
52 1.300000 0.376667  
53 1.300000 0.376667  
54 1.300000 0.376667  
55 1.300000 0.376667  
56 1.300000 0.376667  
57 1.370000 0.384444  
58 1.370000 0.384444  
59 1.370000 0.384444  
60 1.370000 0.384444  
61 1.370000 0.384444  
62 1.370000 0.384444  
63 1.370000 0.384444  
64 1.370000 0.384444  
65 1.370000 0.384444  
66 1.370000 0.384444  
67 1.370000 0.384444  
68 1.370000 0.384444  
69 1.370000 0.384444  
70 1.370000 0.384444  
71 1.370000 0.384444  
72 1.370000 0.384444  
73 1.370000 0.388889  
74 1.370000 0.388889  
75 1.370000 0.388889  
76 1.370000 0.388889  
77 1.370000 0.388889  
78 1.370000 0.388889  
79 1.370000 0.388889  
80 1.370000 0.388889  
81 1.370000 0.388889  
82 1.370000 0.393333  
83 1.370000 0.393333  
84 1.370000 0.393333  
85 1.370000 0.393333  
86 1.370000 0.393333  
87 1.370000 0.393333  
88 1.370000 0.393333  
89 1.370000 0.393333  
90 1.370000 0.393333  
91 1.370000 0.393333  
92 1.370000 0.393333  
93 1.370000 0.393333  
94 1.370000 0.393333  
95 1.370000 0.393333  
96 1.370000 0.393333  
97 1.370000 0.393333  
98 1.370000 0.393333  
99 1.370000 0.393333  
100 1.370000 0.393333  
101 1.370000 0.393333  
102 1.370000 0.393333  
103 1.370000 0.440000  
104 1.370000 0.440000  
105 1.370000 0.440000  
106 1.370000 0.440000  
107 1.370000 0.440000  
108 1.370000 0.440000  
109 1.370000 0.440000  
110 1.370000 0.440000  
111 1.370000 0.440000  
112 1.370000 0.440000  
113 1.370000 0.440000  
114 1.370000 0.440000  
115 1.570000 0.462222  
116 1.570000 0.462222  
117 1.570000 0.462222  
118 1.570000 0.462222  
119 1.570000 0.462222  
120 1.570000 0.462222  
121 1.570000 0.472222  
122 1.570000 0.501111  
123 1.570000 0.501111  
124 1.570000 0.501111  
125 1.570000 0.501111  
126 1.570000 0.501111  
127 1.570000 0.501111  
128 1.570000 0.501111  
129 1.570000 0.501111  
130 1.570000 0.501111  
131 1.570000 0.501111  
132 1.570000 0.501111  
133 1.570000 0.501111  
134 1.570000 0.501111  
135 1.570000 0.507778  
136 1.570000 0.507778  
137 1.570000 0.507778  
138 1.570000 0.507778  
139 1.570000 0.507778  
140 1.570000 0.507778  
141 1.570000 0.507778  
142 1.570000 0.507778  
143 1.570000 0.507778  
144 1.570000 0.510000  
145 1.570000 0.510000  
146 1.570000 0.510000  
147 1.570000 0.510000  
148 1.570000 0.510000  
149 1.570000 0.510000  
150 1.570000 0.510000  
151 1.570000 0.510000  
152 1.570000 0.510000  
153 1.570000 0.510000  
154 1.570000 0.510000  
155 1.570000 0.510000  
156 1.570000 0.510000  
157 1.570000 0.510000  
158 1.570000 0.510000  
159 1.570000 0.510000  
160 1.570000 0.510000  
161 1.570000 0.510000  
162 1.570000 0.510000  
163 1.570000 0.510000  
164 1.570000 0.510000  
165 1.570000 0.510000  
166 1.570000 0.510000  
167 1.570000 0.510000  
168 1.570000 0.510000  
169 1.570000 0.510000  
170 1.570000 0.510000  
171 1.570000 0.510000  
172 1.570000 0.510000  
173 1.570000 0.510000  
174 1.570000 0.510000  
175 1.570000 0.512222  
176 1.570000 0.512222  
177 1.570000 0.512222  
178 1.570000 0.577778  
179 1.570000 0.577778  
180 1.570000 0.577778  
181 1.570000 0.585556  
182 1.570000 0.585556  
183 1.570000 0.585556  
184 1.570000 0.585556  
185 1.570000 0.585556  
186 1.570000 0.585556  
187 1.570000 0.585556  
188 1.570000 0.585556  
189 1.570000 0.585556  
190 1.570000 0.585556  
191 1.570000 0.585556  
192 1.570000 0.585556  
193 1.570000 0.585556  
194 1.570000 0.585556  
195 1.570000 0.585556  
196 1.570000 0.585556  
197 1.570000 0.600000  
198 1.570000 0.600000  
199 1.570000 0.600000  
200 1.570000 0.600000  
201 1.570000 0.600000  
202 1.570000 0.600000  
203 1.570000 0.600000  
204 1.570000 0.600000  
205 1.570000 0.600000  
206 1.570000 0.600000  
207 1.570000 0.600000  
208 1.570000 0.600000  
209 1.570000 0.600000  
210 1.570000 0.621111  
211 1.570000 0.621111  
212 1.570000 0.621111  
213 1.570000 0.621111  
214 1.570000 0.621111  
215 1.570000 0.621111  
216 1.570000 0.621111  
217 1.570000 0.621111  
218 1.570000 0.621111  
219 1.570000 0.621111  
220 1.570000 0.621111  
221 1.570000 0.621111  
222 1.570000 0.621111  
223 1.570000 0.621111  
224 1.570000 0.621111  
225 1.570000 0.621111  
226 1.570000 0.621111  
227 1.570000 0.621111  
228 1.570000 0.621111  
229 1.570000 0.621111  
230 1.570000 0.621111  
231 1.570000 0.621111  
232 1.570000 0.621111  
233 1.570000 0.621111  
234 1.570000 0.621111  
235 1.570000 0.621111  
236 1.690000 0.670000  
237 1.690000 0.670000  
238 1.690000 0.670000  
239 1.690000 0.670000  
240 1.690000 0.670000  
241 1.690000 0.670000  
242 1.690000 0.670000  
243 1.690000 0.670000  
244 1.690000 0.670000  
245 1.690000 0.670000  
246 1.690000 0.670000  
247 1.690000 0.670000  
248 1.690000 0.670000  
249 1.690000 0.670000  
