0 4.150000 1.911111  
1 4.150000 1.976667  
2 4.150000 2.010000  
3 4.150000 2.010000  
4 4.150000 2.010000  
5 4.150000 2.030000  
6 4.150000 2.031111  
7 4.150000 2.032222  
8 4.150000 2.064444  
9 4.150000 2.194444  
10 4.150000 2.194444  
11 4.150000 2.194444  
12 4.150000 2.194444  
13 4.150000 2.194444  
14 4.150000 2.202222  
15 4.150000 2.207778  
16 4.150000 2.207778  
17 4.150000 2.207778  
18 4.150000 2.207778  
19 6.750000 2.496667  
20 6.750000 2.496667  
21 6.750000 2.496667  
22 6.750000 2.496667  
23 6.790000 2.501111  
24 6.790000 2.501111  
25 6.790000 2.501111  
26 6.790000 2.501111  
27 6.790000 2.501111  
28 6.790000 2.501111  
29 6.790000 2.532222  
30 6.790000 2.535556  
31 6.790000 2.535556  
32 6.790000 2.535556  
33 6.790000 2.546667  
34 6.790000 2.622222  
35 6.790000 2.622222  
36 6.790000 2.622222  
37 6.790000 2.622222  
38 6.790000 2.622222  
39 6.790000 2.622222  
40 6.790000 2.622222  
41 6.790000 2.622222  
42 6.790000 2.622222  
43 6.790000 2.622222  
44 6.790000 2.622222  
45 6.790000 2.908889  
46 6.790000 2.908889  
47 6.790000 2.908889  
48 6.790000 2.908889  
49 6.790000 2.944444  
50 6.790000 2.944444  
51 6.790000 2.944444  
52 6.790000 2.944444  
53 6.790000 2.944444  
54 6.790000 2.944444  
55 6.790000 2.944444  
56 6.790000 2.944444  
57 6.790000 2.946667  
58 6.790000 2.946667  
59 6.790000 2.946667  
60 6.790000 2.946667  
61 6.790000 2.974444  
62 6.790000 2.974444  
63 6.790000 2.974444  
64 6.790000 2.974444  
65 6.790000 2.974444  
66 6.790000 2.974444  
67 6.790000 2.974444  
68 6.790000 2.974444  
69 6.790000 2.974444  
70 6.790000 2.974444  
71 6.790000 2.975556  
72 6.790000 2.975556  
73 6.790000 2.975556  
74 6.790000 2.975556  
75 6.790000 2.975556  
76 6.790000 3.071111  
77 6.790000 3.071111  
78 6.790000 3.071111  
79 6.790000 3.071111  
80 6.790000 3.071111  
81 6.790000 3.071111  
82 6.790000 3.071111  
83 6.790000 3.072222  
84 6.790000 3.072222  
85 6.790000 3.072222  
86 6.790000 3.072222  
87 6.790000 3.072222  
88 6.790000 3.072222  
89 6.790000 3.072222  
90 6.790000 3.072222  
91 6.790000 3.072222  
92 6.790000 3.072222  
93 6.790000 3.141111  
94 6.790000 3.141111  
95 6.790000 3.141111  
96 6.790000 3.141111  
97 6.790000 3.143333  
98 6.790000 3.253333  
99 6.790000 3.253333  
100 6.790000 3.253333  
101 6.790000 3.253333  
102 6.790000 3.253333  
103 6.790000 3.253333  
104 6.790000 3.253333  
105 6.790000 3.253333  
106 6.790000 3.253333  
107 6.790000 3.253333  
108 6.790000 3.253333  
109 6.790000 3.253333  
110 6.790000 3.253333  
111 6.790000 3.253333  
112 6.790000 3.253333  
113 6.790000 3.253333  
114 6.910000 3.281111  
115 6.910000 3.281111  
116 6.910000 3.281111  
117 6.910000 3.281111  
118 6.910000 3.281111  
119 6.910000 3.281111  
120 7.270000 3.321111  
121 7.270000 3.346667  
122 7.270000 3.346667  
123 7.270000 3.346667  
124 7.270000 3.346667  
125 7.270000 3.347778  
126 7.270000 3.347778  
127 7.270000 3.347778  
128 7.270000 3.347778  
129 7.270000 3.347778  
130 7.270000 3.347778  
131 7.270000 3.347778  
132 7.270000 3.347778  
133 7.270000 3.347778  
134 7.270000 3.347778  
135 7.270000 3.347778  
136 7.270000 3.347778  
137 7.270000 3.347778  
138 7.270000 3.347778  
139 7.270000 3.347778  
140 7.270000 3.347778  
141 7.270000 3.347778  
142 7.270000 3.347778  
143 7.270000 3.347778  
144 7.270000 3.356667  
145 7.270000 3.356667  
146 7.270000 3.356667  
147 7.270000 3.356667  
148 7.270000 3.356667  
149 7.270000 3.363333  
150 7.270000 3.363333  
151 7.270000 3.363333  
152 7.270000 3.363333  
153 7.270000 3.363333  
154 7.270000 3.363333  
155 7.270000 3.363333  
156 7.270000 3.363333  
157 7.270000 3.363333  
158 7.270000 3.363333  
159 7.270000 3.363333  
160 7.270000 3.363333  
161 7.270000 3.371111  
162 7.270000 3.371111  
163 7.270000 3.371111  
164 7.270000 3.371111  
165 7.270000 3.371111  
166 7.270000 3.371111  
167 7.270000 3.371111  
168 7.270000 3.371111  
169 7.270000 3.371111  
170 7.270000 3.371111  
171 7.270000 3.371111  
172 7.270000 3.371111  
173 7.270000 3.371111  
174 7.270000 3.371111  
175 7.270000 3.371111  
176 7.270000 3.371111  
177 7.270000 3.371111  
178 7.270000 3.371111  
179 7.270000 3.371111  
180 7.270000 3.371111  
181 7.270000 3.374444  
182 7.270000 3.376667  
183 7.270000 3.376667  
184 7.270000 3.376667  
185 7.270000 3.376667  
186 7.270000 3.376667  
187 7.270000 3.376667  
188 7.270000 3.376667  
189 7.270000 3.376667  
190 7.270000 3.376667  
191 7.270000 3.376667  
192 7.270000 3.376667  
193 7.270000 3.376667  
194 7.270000 3.376667  
195 7.270000 3.376667  
196 7.270000 3.376667  
197 7.270000 3.376667  
198 7.270000 3.376667  
199 7.270000 3.376667  
200 7.270000 3.376667  
201 7.270000 3.376667  
202 7.270000 3.376667  
203 7.270000 3.381111  
204 7.270000 3.381111  
205 7.270000 3.388889  
206 7.270000 3.388889  
207 7.270000 3.388889  
208 7.270000 3.388889  
209 7.270000 3.388889  
210 7.270000 3.388889  
211 7.270000 3.388889  
212 7.270000 3.388889  
213 7.270000 3.388889  
214 7.270000 3.388889  
215 7.270000 3.388889  
216 7.270000 3.388889  
217 7.270000 3.388889  
218 7.270000 3.388889  
219 7.270000 3.388889  
220 7.270000 3.388889  
221 7.270000 3.388889  
222 7.270000 3.388889  
223 7.270000 3.388889  
224 7.270000 3.388889  
225 7.270000 3.388889  
226 7.270000 3.388889  
227 7.270000 3.388889  
228 7.270000 3.388889  
229 7.270000 3.388889  
230 7.270000 3.388889  
231 7.270000 3.388889  
232 7.270000 3.388889  
233 7.270000 3.388889  
234 7.270000 3.388889  
235 7.270000 3.388889  
236 7.270000 3.388889  
237 7.270000 3.388889  
238 7.270000 3.388889  
239 7.270000 3.392222  
240 7.270000 3.392222  
241 7.270000 3.392222  
242 7.270000 3.392222  
243 7.270000 3.392222  
244 7.270000 3.392222  
245 7.270000 3.392222  
246 7.270000 3.392222  
247 7.270000 3.392222  
248 7.270000 3.392222  
249 7.270000 3.392222  
250 7.270000 3.392222  
251 7.270000 3.392222  
252 7.270000 3.392222  
253 7.270000 3.392222  
254 7.270000 3.392222  
255 7.270000 3.392222  
256 7.270000 3.392222  
257 7.270000 3.392222  
258 7.270000 3.392222  
259 7.270000 3.392222  
260 7.270000 3.420000  
261 7.270000 3.420000  
262 7.270000 3.420000  
263 7.270000 3.420000  
264 7.270000 3.420000  
265 7.270000 3.420000  
266 7.270000 3.424444  
267 7.270000 3.424444  
268 7.270000 3.424444  
269 7.270000 3.424444  
270 7.270000 3.424444  
271 7.270000 3.424444  
272 7.270000 3.424444  
273 7.270000 3.424444  
274 7.270000 3.424444  
275 7.270000 3.424444  
276 7.270000 3.424444  
277 7.270000 3.424444  
278 7.270000 3.424444  
279 7.270000 3.424444  
280 7.270000 3.424444  
281 7.270000 3.424444  
282 7.270000 3.424444  
283 7.270000 3.424444  
284 7.270000 3.424444  
285 7.270000 3.456667  
286 7.270000 3.456667  
287 7.270000 3.456667  
288 7.270000 3.456667  
289 7.270000 3.456667  
290 7.270000 3.456667  
291 7.270000 3.456667  
292 7.270000 3.456667  
293 7.270000 3.465556  
294 7.270000 3.465556  
295 7.270000 3.465556  
296 7.270000 3.465556  
297 7.270000 3.465556  
298 7.270000 3.465556  
299 7.270000 3.465556  
300 7.270000 3.465556  
301 7.270000 3.465556  
302 7.270000 3.465556  
303 7.270000 3.465556  
304 7.270000 3.465556  
305 7.270000 3.465556  
306 7.270000 3.465556  
307 7.270000 3.465556  
308 7.270000 3.465556  
309 7.270000 3.465556  
310 7.270000 3.465556  
311 7.270000 3.465556  
312 7.270000 3.465556  
313 7.270000 3.465556  
314 7.270000 3.465556  
315 7.270000 3.465556  
316 7.270000 3.465556  
317 7.270000 3.465556  
318 7.270000 3.465556  
319 7.270000 3.465556  
320 7.270000 3.465556  
321 7.270000 3.465556  
322 7.270000 3.465556  
323 7.270000 3.465556  
324 7.270000 3.465556  
325 7.270000 3.465556  
326 7.270000 3.465556  
327 7.270000 3.465556  
328 7.270000 3.465556  
329 7.270000 3.471111  
330 7.270000 3.471111  
331 7.270000 3.471111  
332 7.270000 3.471111  
333 7.270000 3.471111  
334 7.270000 3.471111  
335 7.270000 3.471111  
336 7.270000 3.471111  
337 7.270000 3.471111  
338 7.270000 3.471111  
339 7.270000 3.471111  
340 7.270000 3.471111  
341 7.270000 3.471111  
342 7.270000 3.488889  
343 7.270000 3.488889  
344 7.270000 3.488889  
345 7.270000 3.488889  
346 7.270000 3.488889  
347 7.270000 3.488889  
348 7.270000 3.488889  
349 7.270000 3.488889  
350 7.270000 3.503333  
351 7.270000 3.503333  
352 7.270000 3.503333  
353 7.270000 3.503333  
354 7.270000 3.503333  
355 7.270000 3.503333  
356 7.270000 3.503333  
357 7.270000 3.503333  
358 7.270000 3.503333  
359 7.270000 3.503333  
360 7.270000 3.503333  
361 7.270000 3.503333  
362 7.270000 3.503333  
363 7.270000 3.503333  
364 7.270000 3.503333  
365 7.270000 3.503333  
366 7.270000 3.503333  
367 7.270000 3.503333  
368 7.270000 3.513333  
369 7.270000 3.513333  
370 7.270000 3.513333  
371 7.270000 3.515556  
372 7.270000 3.515556  
373 7.270000 3.533333  
374 7.270000 3.533333  
375 7.270000 3.533333  
376 7.270000 3.533333  
377 7.470000 3.555556  
378 7.470000 3.555556  
379 7.470000 3.555556  
380 7.470000 3.555556  
381 7.470000 3.555556  
382 7.470000 3.555556  
383 7.470000 3.555556  
384 7.470000 3.555556  
385 7.470000 3.555556  
386 7.470000 3.555556  
387 7.470000 3.555556  
388 7.470000 3.555556  
389 7.470000 3.555556  
390 7.470000 3.555556  
391 7.470000 3.555556  
392 7.470000 3.555556  
393 7.470000 3.555556  
394 7.470000 3.555556  
395 7.470000 3.555556  
396 7.470000 3.555556  
397 7.470000 3.555556  
398 7.470000 3.555556  
399 7.470000 3.560000  
400 7.470000 3.560000  
401 7.470000 3.560000  
402 7.470000 3.560000  
403 7.470000 3.560000  
404 7.470000 3.560000  
405 7.470000 3.560000  
406 7.470000 3.560000  
407 7.470000 3.560000  
408 7.470000 3.560000  
409 7.470000 3.560000  
410 7.470000 3.560000  
411 7.470000 3.560000  
412 7.470000 3.560000  
413 7.470000 3.560000  
414 7.470000 3.560000  
415 7.470000 3.560000  
416 7.470000 3.560000  
417 7.470000 3.560000  
418 7.470000 3.573333  
419 7.470000 3.573333  
420 7.470000 3.573333  
421 7.470000 3.573333  
422 7.470000 3.573333  
423 7.470000 3.573333  
424 7.470000 3.573333  
425 7.470000 3.592222  
426 7.680000 3.615556  
427 7.680000 3.615556  
428 7.680000 3.615556  
429 7.680000 3.615556  
430 7.680000 3.615556  
431 7.680000 3.615556  
432 7.680000 3.615556  
433 7.680000 3.615556  
434 7.680000 3.615556  
435 7.680000 3.615556  
436 7.680000 3.615556  
437 7.680000 3.615556  
438 7.680000 3.615556  
439 7.680000 3.615556  
440 7.680000 3.615556  
441 7.680000 3.615556  
442 7.680000 3.615556  
443 7.680000 3.615556  
444 7.680000 3.615556  
445 7.680000 3.615556  
446 7.680000 3.615556  
447 7.680000 3.615556  
448 7.680000 3.615556  
449 7.680000 3.615556  
450 7.680000 3.615556  
451 7.680000 3.615556  
452 7.680000 3.615556  
453 7.680000 3.644444  
454 7.680000 3.644444  
455 7.680000 3.644444  
456 7.680000 3.644444  
457 7.680000 3.644444  
458 7.680000 3.644444  
459 7.680000 3.644444  
460 7.680000 3.693333  
461 7.680000 3.693333  
462 7.680000 3.693333  
463 7.680000 3.693333  
464 7.680000 3.693333  
465 7.680000 3.693333  
466 7.680000 3.693333  
467 7.680000 3.693333  
468 7.680000 3.693333  
469 7.680000 3.693333  
470 7.680000 3.693333  
471 7.680000 3.693333  
472 7.680000 3.700000  
473 7.680000 3.700000  
474 7.680000 3.700000  
475 7.680000 3.700000  
476 7.680000 3.700000  
477 7.680000 3.700000  
478 7.680000 3.700000  
479 7.680000 3.700000  
480 7.680000 3.700000  
481 7.680000 3.700000  
482 7.680000 3.700000  
483 7.680000 3.700000  
484 7.680000 3.700000  
485 7.680000 3.700000  
486 7.680000 3.700000  
487 7.680000 3.700000  
488 7.680000 3.700000  
489 7.680000 3.700000  
490 7.680000 3.700000  
491 7.680000 3.700000  
492 7.680000 3.700000  
493 7.680000 3.700000  
494 7.680000 3.700000  
495 7.680000 3.700000  
496 7.680000 3.700000  
497 7.680000 3.700000  
498 7.680000 3.700000  
499 7.680000 3.700000  
