0 0.030000 0.030000  
1 0.060000 0.060000  
2 0.060000 0.060000  
3 0.060000 0.035000  
4 0.060000 0.026667  
5 0.250000 0.082500  
6 0.250000 0.097500  
7 0.250000 0.097500  
8 0.250000 0.097500  
9 0.250000 0.097500  
10 0.250000 0.097500  
11 0.250000 0.080000  
12 0.250000 0.098000  
13 0.290000 0.132000  
14 0.290000 0.132000  
15 0.510000 0.176000  
16 0.510000 0.176000  
17 0.510000 0.176000  
18 0.510000 0.176000  
19 0.510000 0.176000  
20 0.510000 0.176000  
21 0.510000 0.176000  
22 0.510000 0.176000  
23 0.510000 0.176000  
24 0.510000 0.176000  
25 0.510000 0.184000  
26 0.510000 0.184000  
27 0.510000 0.184000  
28 0.510000 0.184000  
29 0.510000 0.184000  
30 0.510000 0.184000  
31 0.510000 0.184000  
32 0.510000 0.184000  
33 0.510000 0.184000  
34 0.510000 0.184000  
35 0.510000 0.184000  
36 0.510000 0.184000  
37 0.510000 0.184000  
38 0.510000 0.184000  
39 0.510000 0.184000  
40 0.510000 0.184000  
41 0.510000 0.184000  
42 0.510000 0.184000  
43 0.510000 0.184000  
44 0.510000 0.184000  
45 0.510000 0.184000  
46 0.510000 0.184000  
47 0.510000 0.184000  
48 0.510000 0.184000  
49 0.510000 0.184000  
50 0.510000 0.184000  
51 0.510000 0.184000  
52 0.510000 0.184000  
53 0.510000 0.184000  
54 0.530000 0.240000  
55 0.530000 0.240000  
56 0.530000 0.240000  
57 0.530000 0.203333  
58 0.530000 0.203333  
59 0.530000 0.203333  
60 0.530000 0.203333  
61 0.530000 0.203333  
62 0.530000 0.203333  
63 0.530000 0.203333  
64 0.530000 0.203333  
65 0.530000 0.203333  
66 0.530000 0.203333  
67 0.530000 0.203333  
68 0.530000 0.203333  
69 0.530000 0.203333  
70 0.530000 0.203333  
71 0.530000 0.203333  
72 0.530000 0.203333  
73 0.530000 0.203333  
74 0.530000 0.182857  
75 0.530000 0.182857  
76 0.530000 0.194286  
77 0.530000 0.194286  
78 0.530000 0.194286  
79 0.530000 0.194286  
80 0.530000 0.194286  
81 0.530000 0.194286  
82 0.530000 0.194286  
83 0.530000 0.194286  
84 0.530000 0.194286  
85 0.530000 0.194286  
86 0.530000 0.194286  
87 0.530000 0.194286  
88 0.530000 0.194286  
89 0.530000 0.194286  
90 0.530000 0.194286  
91 0.530000 0.194286  
92 0.530000 0.194286  
93 0.530000 0.194286  
94 0.530000 0.194286  
95 0.530000 0.194286  
96 0.530000 0.194286  
97 0.530000 0.194286  
98 0.530000 0.194286  
99 0.530000 0.194286  
100 0.530000 0.194286  
101 0.530000 0.194286  
102 0.530000 0.194286  
103 0.530000 0.194286  
104 0.530000 0.194286  
105 0.530000 0.194286  
106 0.530000 0.194286  
107 0.530000 0.194286  
108 0.530000 0.194286  
109 0.530000 0.194286  
110 0.530000 0.194286  
111 0.530000 0.194286  
112 0.530000 0.194286  
113 0.530000 0.194286  
114 0.530000 0.194286  
115 0.530000 0.194286  
116 0.530000 0.198571  
117 0.530000 0.198571  
118 0.530000 0.198571  
119 0.530000 0.198571  
120 0.530000 0.198571  
121 0.530000 0.198571  
122 0.530000 0.198571  
123 0.530000 0.198571  
124 0.530000 0.198571  
125 0.530000 0.198571  
126 0.530000 0.198571  
127 0.530000 0.198571  
128 0.530000 0.202857  
129 0.530000 0.202857  
130 0.680000 0.227143  
131 0.680000 0.227143  
132 0.680000 0.227143  
133 0.680000 0.227143  
134 0.680000 0.227143  
135 0.680000 0.227143  
136 0.680000 0.227143  
137 0.680000 0.227143  
138 0.680000 0.227143  
139 0.680000 0.227143  
140 0.680000 0.227143  
141 0.680000 0.227143  
142 0.680000 0.227143  
143 0.680000 0.227143  
144 0.680000 0.227143  
145 0.680000 0.232857  
146 0.680000 0.232857  
147 0.680000 0.232857  
148 0.680000 0.232857  
149 0.680000 0.232857  
150 0.680000 0.232857  
151 0.680000 0.232857  
152 0.680000 0.232857  
153 0.680000 0.232857  
154 0.680000 0.232857  
155 0.680000 0.232857  
156 0.680000 0.232857  
157 0.680000 0.232857  
158 0.680000 0.232857  
159 0.680000 0.232857  
160 0.680000 0.232857  
161 0.680000 0.232857  
162 0.680000 0.232857  
163 0.680000 0.232857  
164 0.680000 0.232857  
165 0.680000 0.232857  
166 0.680000 0.232857  
167 0.680000 0.232857  
168 0.680000 0.232857  
169 0.680000 0.232857  
170 0.680000 0.232857  
171 0.680000 0.232857  
172 0.680000 0.232857  
173 0.680000 0.232857  
174 0.680000 0.232857  
175 0.680000 0.232857  
176 0.680000 0.232857  
177 0.680000 0.232857  
178 0.680000 0.232857  
179 0.680000 0.232857  
180 0.680000 0.232857  
181 0.680000 0.232857  
182 0.680000 0.232857  
183 0.680000 0.232857  
184 0.680000 0.232857  
185 0.680000 0.232857  
186 0.680000 0.232857  
187 0.680000 0.232857  
188 0.680000 0.232857  
189 0.680000 0.232857  
190 0.680000 0.232857  
191 0.680000 0.232857  
192 0.680000 0.232857  
193 0.680000 0.232857  
194 0.680000 0.232857  
195 0.680000 0.232857  
196 0.680000 0.232857  
197 0.680000 0.232857  
198 0.680000 0.232857  
199 0.680000 0.232857  
200 0.680000 0.232857  
201 0.680000 0.232857  
202 0.680000 0.232857  
203 0.680000 0.232857  
204 0.680000 0.232857  
205 0.680000 0.232857  
206 0.680000 0.232857  
207 0.680000 0.232857  
208 0.680000 0.238571  
209 0.680000 0.238571  
210 0.680000 0.238571  
211 0.680000 0.238571  
212 0.680000 0.238571  
213 0.680000 0.238571  
214 0.680000 0.238571  
215 0.680000 0.238571  
216 0.680000 0.238571  
217 0.680000 0.238571  
218 0.680000 0.238571  
219 0.680000 0.238571  
220 0.680000 0.238571  
221 0.680000 0.238571  
222 0.680000 0.287143  
223 0.680000 0.287143  
224 0.680000 0.287143  
225 0.680000 0.287143  
226 0.680000 0.287143  
227 0.680000 0.287143  
228 0.680000 0.287143  
229 0.680000 0.287143  
230 0.680000 0.287143  
231 0.680000 0.287143  
232 0.680000 0.287143  
233 0.680000 0.287143  
234 0.680000 0.287143  
235 0.680000 0.287143  
236 0.680000 0.287143  
237 0.680000 0.287143  
238 0.680000 0.287143  
239 0.680000 0.287143  
240 0.680000 0.287143  
241 0.680000 0.287143  
242 0.680000 0.288571  
243 0.680000 0.288571  
244 0.680000 0.288571  
245 0.680000 0.288571  
246 0.680000 0.288571  
247 0.680000 0.288571  
248 0.680000 0.288571  
249 0.680000 0.288571  
250 0.680000 0.288571  
251 0.680000 0.288571  
252 0.680000 0.288571  
253 0.680000 0.288571  
254 0.680000 0.288571  
255 0.680000 0.288571  
256 0.680000 0.288571  
257 0.680000 0.288571  
258 0.680000 0.288571  
259 0.680000 0.288571  
260 0.680000 0.288571  
261 0.680000 0.288571  
262 0.680000 0.288571  
263 0.680000 0.288571  
264 0.680000 0.288571  
265 0.680000 0.288571  
266 0.680000 0.288571  
267 0.680000 0.288571  
268 0.680000 0.288571  
269 0.680000 0.288571  
270 0.680000 0.288571  
271 0.680000 0.288571  
272 0.680000 0.288571  
273 0.680000 0.288571  
274 0.680000 0.288571  
275 0.680000 0.288571  
276 0.680000 0.288571  
277 0.680000 0.288571  
278 0.680000 0.288571  
279 0.680000 0.288571  
280 0.680000 0.288571  
281 0.680000 0.288571  
282 0.680000 0.288571  
283 0.680000 0.288571  
284 0.680000 0.288571  
285 0.680000 0.288571  
286 0.680000 0.288571  
287 0.680000 0.288571  
288 0.680000 0.288571  
289 0.680000 0.288571  
290 0.680000 0.288571  
291 0.680000 0.288571  
292 0.680000 0.288571  
293 0.680000 0.288571  
294 0.680000 0.288571  
295 0.680000 0.288571  
296 0.680000 0.288571  
297 0.680000 0.288571  
298 0.680000 0.288571  
299 0.680000 0.288571  
300 0.680000 0.288571  
301 0.680000 0.288571  
302 0.680000 0.288571  
303 0.680000 0.288571  
304 0.680000 0.288571  
305 0.680000 0.288571  
306 0.680000 0.288571  
307 0.680000 0.288571  
308 0.680000 0.288571  
309 0.680000 0.288571  
310 0.680000 0.288571  
311 0.680000 0.288571  
312 0.680000 0.288571  
313 0.680000 0.288571  
314 0.680000 0.288571  
315 0.680000 0.288571  
316 0.680000 0.288571  
317 0.680000 0.288571  
318 0.680000 0.288571  
319 0.680000 0.288571  
320 0.680000 0.288571  
321 0.680000 0.288571  
322 0.680000 0.288571  
323 0.680000 0.288571  
324 0.680000 0.288571  
325 0.680000 0.288571  
326 0.680000 0.288571  
327 0.680000 0.288571  
328 0.680000 0.288571  
329 0.680000 0.288571  
330 0.680000 0.288571  
331 0.680000 0.290000  
332 0.680000 0.290000  
333 0.680000 0.290000  
334 0.680000 0.290000  
335 0.680000 0.290000  
336 0.680000 0.290000  
337 0.680000 0.290000  
338 0.680000 0.290000  
339 0.680000 0.290000  
340 0.680000 0.290000  
341 0.680000 0.290000  
342 0.680000 0.290000  
343 0.680000 0.290000  
344 0.680000 0.290000  
345 0.680000 0.290000  
346 0.680000 0.290000  
347 0.680000 0.290000  
348 0.680000 0.290000  
349 0.680000 0.290000  
350 0.680000 0.290000  
351 0.680000 0.290000  
352 0.680000 0.290000  
353 0.680000 0.290000  
354 0.680000 0.290000  
355 0.680000 0.290000  
356 0.680000 0.290000  
357 0.680000 0.290000  
358 0.680000 0.301429  
359 0.680000 0.301429  
360 0.680000 0.301429  
361 0.680000 0.301429  
362 0.680000 0.301429  
363 0.680000 0.301429  
364 0.680000 0.301429  
365 0.680000 0.301429  
366 0.680000 0.301429  
367 0.680000 0.301429  
368 0.680000 0.301429  
369 0.680000 0.301429  
370 0.680000 0.301429  
371 0.680000 0.301429  
372 0.680000 0.301429  
373 0.680000 0.301429  
374 0.680000 0.301429  
375 0.680000 0.301429  
376 0.680000 0.301429  
377 0.680000 0.301429  
378 0.680000 0.301429  
379 0.680000 0.301429  
380 0.680000 0.301429  
381 0.680000 0.301429  
382 0.680000 0.301429  
383 0.680000 0.301429  
384 0.680000 0.301429  
385 0.680000 0.301429  
386 0.680000 0.301429  
387 0.680000 0.301429  
388 0.680000 0.301429  
389 0.680000 0.301429  
390 0.680000 0.301429  
391 0.680000 0.301429  
392 0.680000 0.301429  
393 0.680000 0.301429  
394 0.680000 0.301429  
395 0.700000 0.304286  
396 0.700000 0.304286  
397 0.700000 0.310000  
398 0.700000 0.310000  
399 0.700000 0.310000  
400 0.700000 0.310000  
401 0.700000 0.310000  
402 0.700000 0.310000  
403 0.700000 0.310000  
404 0.700000 0.310000  
405 0.700000 0.310000  
406 0.700000 0.310000  
407 0.700000 0.310000  
408 0.700000 0.310000  
409 0.700000 0.310000  
410 0.700000 0.310000  
411 0.700000 0.310000  
412 0.700000 0.310000  
413 0.700000 0.310000  
414 0.700000 0.310000  
415 0.700000 0.310000  
416 0.700000 0.310000  
417 0.700000 0.310000  
418 0.700000 0.310000  
419 0.700000 0.310000  
420 0.700000 0.310000  
421 0.700000 0.310000  
422 0.700000 0.310000  
423 0.700000 0.310000  
424 0.700000 0.275000  
425 0.700000 0.275000  
426 0.700000 0.275000  
427 0.700000 0.275000  
428 0.700000 0.275000  
429 0.700000 0.275000  
430 0.700000 0.275000  
431 0.700000 0.275000  
432 0.700000 0.275000  
433 0.700000 0.275000  
434 0.700000 0.275000  
435 0.700000 0.275000  
436 0.700000 0.275000  
437 0.700000 0.275000  
438 0.700000 0.275000  
439 0.700000 0.275000  
440 0.700000 0.275000  
441 0.700000 0.275000  
442 0.700000 0.275000  
443 0.700000 0.275000  
444 0.700000 0.275000  
445 0.700000 0.275000  
446 0.700000 0.275000  
447 0.700000 0.246667  
448 0.700000 0.246667  
449 0.700000 0.246667  
450 0.700000 0.246667  
451 0.700000 0.246667  
452 0.700000 0.246667  
453 0.700000 0.246667  
454 0.700000 0.246667  
455 0.700000 0.246667  
456 0.700000 0.246667  
457 0.700000 0.246667  
458 0.700000 0.246667  
459 0.700000 0.246667  
460 0.700000 0.246667  
461 0.700000 0.246667  
462 0.700000 0.246667  
463 0.700000 0.246667  
464 0.700000 0.246667  
465 0.700000 0.246667  
466 0.700000 0.246667  
467 0.700000 0.246667  
468 0.700000 0.246667  
469 0.700000 0.246667  
470 0.700000 0.246667  
471 0.700000 0.246667  
472 0.700000 0.246667  
473 0.700000 0.246667  
474 0.700000 0.246667  
475 0.700000 0.246667  
476 0.700000 0.246667  
477 0.700000 0.246667  
478 0.700000 0.248889  
479 0.700000 0.248889  
480 0.700000 0.248889  
481 0.700000 0.248889  
482 0.700000 0.248889  
483 0.700000 0.248889  
484 0.700000 0.248889  
485 0.700000 0.248889  
486 0.700000 0.248889  
487 0.700000 0.248889  
488 0.700000 0.248889  
489 0.700000 0.248889  
490 0.700000 0.248889  
491 0.700000 0.248889  
492 0.700000 0.248889  
493 0.700000 0.248889  
494 0.700000 0.248889  
495 0.700000 0.248889  
496 0.700000 0.248889  
497 0.700000 0.248889  
498 0.700000 0.248889  
499 0.700000 0.248889  
