0 1.690000 0.670000  
1 1.690000 0.670000  
2 1.690000 0.670000  
3 1.690000 0.670000  
4 1.690000 0.670000  
5 1.690000 0.670000  
6 1.690000 0.670000  
7 1.690000 0.670000  
8 1.690000 0.670000  
9 1.690000 0.670000  
10 1.690000 0.670000  
11 1.690000 0.670000  
12 1.690000 0.670000  
13 1.690000 0.670000  
14 1.690000 0.670000  
15 1.690000 0.670000  
16 1.690000 0.670000  
17 1.690000 0.670000  
18 1.690000 0.670000  
19 1.690000 0.670000  
20 1.690000 0.670000  
21 1.690000 0.670000  
22 1.690000 0.670000  
23 2.290000 0.736667  
24 2.290000 0.736667  
25 2.290000 0.736667  
26 2.290000 0.736667  
27 2.290000 0.736667  
28 2.290000 0.736667  
29 2.290000 0.736667  
30 2.290000 0.736667  
31 2.290000 0.736667  
32 2.290000 0.736667  
33 2.290000 0.736667  
34 2.290000 0.736667  
35 2.290000 0.736667  
36 2.290000 0.736667  
37 2.290000 0.736667  
38 2.290000 0.736667  
39 2.290000 0.736667  
40 2.290000 0.736667  
41 2.290000 0.736667  
42 2.290000 0.736667  
43 2.290000 0.736667  
44 2.290000 0.736667  
45 2.290000 0.736667  
46 2.290000 0.736667  
47 2.290000 0.736667  
48 2.290000 0.738889  
49 2.290000 0.738889  
50 2.290000 0.738889  
51 2.290000 0.740000  
52 2.290000 0.740000  
53 2.290000 0.786667  
54 2.290000 0.786667  
55 2.290000 0.786667  
56 2.290000 0.786667  
57 2.290000 0.786667  
58 2.290000 0.786667  
59 2.290000 0.786667  
60 2.290000 0.786667  
61 2.290000 0.786667  
62 2.290000 0.786667  
63 2.290000 0.786667  
64 2.290000 0.807778  
65 2.290000 0.807778  
66 2.290000 0.807778  
67 2.290000 0.807778  
68 2.290000 0.807778  
69 2.290000 0.807778  
70 2.290000 0.807778  
71 2.290000 0.807778  
72 2.290000 0.807778  
73 2.290000 0.823333  
74 2.320000 0.826667  
75 2.320000 0.826667  
76 2.320000 0.826667  
77 2.320000 0.860000  
78 2.320000 0.860000  
79 2.320000 0.860000  
80 2.320000 0.860000  
81 2.320000 0.860000  
82 2.320000 0.860000  
83 2.320000 0.860000  
84 2.320000 0.860000  
85 2.320000 0.860000  
86 2.320000 0.860000  
87 2.320000 0.860000  
88 2.320000 0.860000  
89 2.320000 0.860000  
90 2.320000 0.860000  
91 2.320000 0.860000  
92 2.320000 0.862222  
93 2.320000 0.862222  
94 2.320000 0.862222  
95 2.320000 0.862222  
96 2.320000 0.862222  
97 2.320000 0.862222  
98 2.320000 0.862222  
99 2.320000 0.862222  
100 2.320000 0.862222  
101 2.320000 0.862222  
102 2.320000 0.913333  
103 2.320000 0.913333  
104 2.320000 0.913333  
105 2.320000 0.913333  
106 2.320000 0.913333  
107 2.320000 0.913333  
108 2.320000 0.913333  
109 2.320000 0.913333  
110 2.320000 0.913333  
111 2.320000 0.913333  
112 2.320000 0.913333  
113 2.620000 0.946667  
114 2.620000 0.956667  
115 2.620000 0.956667  
116 2.620000 0.956667  
117 2.620000 0.956667  
118 2.620000 0.956667  
119 2.620000 0.956667  
120 2.620000 0.956667  
121 2.620000 0.956667  
122 2.620000 0.956667  
123 2.620000 0.956667  
124 2.620000 0.956667  
125 2.620000 0.956667  
126 2.620000 0.956667  
127 2.620000 0.956667  
128 2.620000 0.973333  
129 2.620000 0.973333  
130 2.620000 0.973333  
131 2.620000 0.973333  
132 2.620000 0.973333  
133 2.620000 0.973333  
134 2.620000 0.973333  
135 2.620000 0.973333  
136 2.620000 0.973333  
137 2.620000 0.973333  
138 2.620000 0.973333  
139 2.620000 0.973333  
140 2.620000 0.973333  
141 2.620000 0.973333  
142 2.710000 1.025556  
143 2.710000 1.025556  
144 2.710000 1.025556  
145 2.710000 1.025556  
146 2.810000 1.036667  
147 2.810000 1.036667  
148 2.810000 1.036667  
149 2.810000 1.036667  
150 2.810000 1.036667  
151 2.810000 1.036667  
152 2.810000 1.036667  
153 2.810000 1.036667  
154 2.810000 1.036667  
155 2.810000 1.036667  
156 2.810000 1.036667  
157 2.810000 1.036667  
158 2.810000 1.036667  
159 2.810000 1.036667  
160 2.810000 1.036667  
161 2.810000 1.036667  
162 2.810000 1.036667  
163 2.810000 1.036667  
164 2.810000 1.036667  
165 2.810000 1.036667  
166 2.810000 1.036667  
167 2.810000 1.036667  
168 2.810000 1.036667  
169 2.810000 1.036667  
170 2.810000 1.036667  
171 2.810000 1.036667  
172 2.810000 1.036667  
173 2.810000 1.036667  
174 2.810000 1.036667  
175 2.810000 1.036667  
176 2.810000 1.036667  
177 2.810000 1.036667  
178 2.810000 1.036667  
179 2.810000 1.036667  
180 2.810000 1.036667  
181 2.810000 1.036667  
182 2.810000 1.036667  
183 2.810000 1.036667  
184 2.880000 1.044444  
185 2.880000 1.044444  
186 2.880000 1.044444  
187 2.880000 1.044444  
188 2.880000 1.044444  
189 2.880000 1.044444  
190 2.880000 1.044444  
191 2.880000 1.044444  
192 2.880000 1.044444  
193 2.880000 1.044444  
194 2.880000 1.044444  
195 2.880000 1.044444  
196 2.880000 1.044444  
197 2.880000 1.044444  
198 2.880000 1.044444  
199 2.880000 1.044444  
200 2.880000 1.044444  
201 2.880000 1.044444  
202 2.880000 1.044444  
203 2.880000 1.044444  
204 2.880000 1.044444  
205 2.880000 1.044444  
206 2.880000 1.044444  
207 2.880000 1.044444  
208 2.880000 1.044444  
209 2.880000 1.044444  
210 2.880000 1.044444  
211 2.880000 1.044444  
212 2.880000 1.044444  
213 2.880000 1.044444  
214 2.880000 1.044444  
215 2.880000 1.044444  
216 2.880000 1.044444  
217 2.880000 1.044444  
218 2.880000 1.044444  
219 2.880000 1.044444  
220 2.880000 1.044444  
221 2.880000 1.044444  
222 2.880000 1.044444  
223 2.880000 1.044444  
224 2.880000 1.044444  
225 2.880000 1.044444  
226 2.880000 1.044444  
227 2.880000 1.044444  
228 2.880000 1.044444  
229 2.880000 1.044444  
230 2.880000 1.044444  
231 2.880000 1.044444  
232 2.880000 1.044444  
233 2.880000 1.044444  
234 2.880000 1.044444  
235 2.880000 1.044444  
236 2.880000 1.044444  
237 2.880000 1.044444  
238 2.880000 1.044444  
239 2.880000 1.044444  
240 2.880000 1.044444  
241 2.880000 1.044444  
242 2.880000 1.044444  
243 2.880000 1.044444  
244 2.880000 1.044444  
245 2.880000 1.044444  
246 2.880000 1.044444  
247 2.880000 1.044444  
248 2.880000 1.044444  
249 2.880000 1.044444  
