0 12.630000 6.886667  
1 12.630000 6.886667  
2 12.630000 6.886667  
3 12.630000 6.886667  
4 12.630000 6.886667  
5 12.630000 6.886667  
6 12.630000 6.886667  
7 12.630000 6.886667  
8 12.630000 6.886667  
9 12.630000 6.886667  
10 12.630000 6.886667  
11 12.630000 6.886667  
12 12.630000 6.886667  
13 12.630000 6.886667  
14 12.630000 6.886667  
15 12.630000 6.886667  
16 12.630000 6.886667  
17 12.630000 6.917778  
18 12.630000 6.917778  
19 12.630000 6.917778  
20 12.630000 6.917778  
21 12.630000 6.917778  
22 12.630000 6.917778  
23 12.630000 6.917778  
24 12.630000 6.917778  
25 12.630000 6.917778  
26 12.630000 6.917778  
27 12.630000 6.917778  
28 12.630000 6.917778  
29 12.630000 6.917778  
30 12.630000 6.917778  
31 12.630000 6.917778  
32 12.630000 6.917778  
33 12.630000 6.917778  
34 12.630000 6.917778  
35 12.630000 6.917778  
36 12.630000 6.917778  
37 12.630000 6.917778  
38 12.630000 6.918889  
39 12.630000 6.918889  
40 12.630000 6.918889  
41 12.630000 6.918889  
42 12.630000 6.918889  
43 12.630000 6.918889  
44 12.630000 6.918889  
45 12.630000 6.918889  
46 12.630000 6.918889  
47 12.630000 6.944444  
48 12.630000 6.944444  
49 12.630000 6.944444  
50 12.630000 6.944444  
51 12.630000 6.944444  
52 12.630000 6.944444  
53 12.630000 6.944444  
54 12.630000 6.944444  
55 12.630000 6.944444  
56 12.630000 6.944444  
57 12.630000 6.944444  
58 12.630000 6.944444  
59 12.630000 6.944444  
60 12.630000 6.944444  
61 12.630000 6.944444  
62 12.630000 6.944444  
63 12.630000 6.944444  
64 12.630000 6.944444  
65 12.630000 6.944444  
66 12.630000 6.944444  
67 12.630000 6.944444  
68 12.630000 6.944444  
69 12.630000 6.944444  
70 12.630000 6.944444  
71 12.630000 6.944444  
72 12.630000 6.944444  
73 12.630000 6.944444  
74 12.630000 6.944444  
75 12.630000 6.944444  
76 12.630000 6.944444  
77 12.630000 6.944444  
78 12.630000 6.944444  
79 12.630000 6.944444  
80 12.630000 6.944444  
81 12.630000 6.944444  
82 12.630000 6.944444  
83 12.630000 6.944444  
84 12.630000 6.944444  
85 12.630000 6.944444  
86 12.630000 6.944444  
87 12.630000 6.944444  
88 12.630000 6.944444  
89 12.630000 6.944444  
90 12.630000 6.944444  
91 12.630000 6.944444  
92 12.630000 6.944444  
93 12.630000 6.944444  
94 12.630000 6.944444  
95 12.630000 6.944444  
96 12.630000 6.944444  
97 12.630000 6.944444  
98 12.630000 6.944444  
99 12.630000 6.944444  
100 12.630000 6.944444  
101 12.630000 6.944444  
102 12.630000 6.944444  
103 12.630000 6.944444  
104 12.630000 6.944444  
105 12.630000 6.944444  
106 12.630000 6.944444  
107 12.630000 6.944444  
108 12.630000 6.944444  
109 12.630000 6.944444  
110 12.630000 6.944444  
111 12.630000 6.944444  
112 12.630000 6.944444  
113 12.630000 6.944444  
114 12.630000 6.944444  
115 12.630000 6.944444  
116 12.630000 6.944444  
117 12.630000 6.944444  
118 12.630000 6.944444  
119 12.630000 6.944444  
120 12.630000 6.944444  
121 12.630000 6.944444  
122 12.630000 6.944444  
123 12.630000 6.944444  
124 12.630000 6.944444  
125 12.630000 6.944444  
126 12.630000 6.944444  
127 12.630000 6.944444  
128 12.630000 6.944444  
129 12.630000 6.944444  
130 12.630000 6.944444  
131 12.630000 6.944444  
132 12.630000 6.944444  
133 12.630000 6.944444  
134 12.630000 6.944444  
135 12.630000 6.944444  
136 12.630000 6.944444  
137 12.630000 6.944444  
138 12.630000 6.944444  
139 12.630000 6.944444  
140 12.630000 6.944444  
141 12.630000 6.944444  
142 12.630000 6.944444  
143 12.630000 6.944444  
144 12.630000 6.944444  
145 12.630000 6.944444  
146 12.630000 6.944444  
147 12.630000 6.944444  
148 12.630000 6.944444  
149 12.630000 6.944444  
150 12.630000 6.944444  
151 12.630000 6.944444  
152 12.630000 6.944444  
153 12.630000 6.944444  
154 12.630000 6.944444  
155 12.630000 6.944444  
156 12.630000 6.944444  
157 12.630000 6.944444  
158 12.630000 6.944444  
159 12.630000 6.944444  
160 12.630000 6.944444  
161 12.630000 6.944444  
162 12.630000 6.944444  
163 12.630000 6.944444  
164 12.630000 6.944444  
165 12.630000 6.944444  
166 12.630000 6.944444  
167 12.630000 6.944444  
168 12.630000 6.944444  
169 12.630000 6.944444  
170 12.630000 6.944444  
171 12.630000 6.944444  
172 12.630000 6.944444  
173 12.630000 6.944444  
174 12.630000 6.944444  
175 12.630000 6.944444  
176 12.630000 6.944444  
177 12.630000 6.944444  
178 12.630000 6.944444  
179 12.630000 7.016667  
180 12.630000 7.016667  
181 12.630000 7.016667  
182 12.630000 7.016667  
183 12.630000 7.016667  
184 12.630000 7.016667  
185 12.630000 7.016667  
186 12.630000 7.016667  
187 12.630000 7.016667  
188 12.630000 7.023333  
189 12.630000 7.023333  
190 12.630000 7.023333  
191 12.630000 7.028889  
192 12.630000 7.028889  
193 12.630000 7.028889  
194 12.630000 7.028889  
195 12.630000 7.028889  
196 12.630000 7.031111  
197 12.630000 7.031111  
198 12.630000 7.031111  
199 12.630000 7.031111  
200 12.630000 7.031111  
201 12.630000 7.031111  
202 12.630000 7.031111  
203 12.630000 7.031111  
204 12.630000 7.031111  
205 12.630000 7.031111  
206 12.630000 7.031111  
207 12.630000 7.031111  
208 12.630000 7.031111  
209 12.630000 7.031111  
210 12.630000 7.031111  
211 12.630000 7.031111  
212 12.630000 7.031111  
213 12.630000 7.031111  
214 12.630000 7.031111  
215 12.630000 7.031111  
216 12.630000 7.031111  
217 12.630000 7.037778  
218 12.630000 7.065556  
219 12.630000 7.065556  
220 12.630000 7.065556  
221 12.630000 7.065556  
222 12.630000 7.065556  
223 12.630000 7.065556  
224 12.630000 7.065556  
225 12.630000 7.065556  
226 12.630000 7.065556  
227 12.630000 7.065556  
228 12.630000 7.065556  
229 12.630000 7.065556  
230 12.630000 7.065556  
231 12.630000 7.065556  
232 12.630000 7.065556  
233 12.630000 7.065556  
234 12.630000 7.065556  
235 12.630000 7.065556  
236 12.630000 7.065556  
237 12.630000 7.065556  
238 12.630000 7.065556  
239 12.630000 7.065556  
240 12.630000 7.065556  
241 12.630000 7.065556  
242 12.630000 7.065556  
243 12.630000 7.065556  
244 12.630000 7.065556  
245 12.630000 7.065556  
246 12.630000 7.065556  
247 12.630000 7.065556  
248 12.630000 7.065556  
249 12.630000 7.065556  
250 12.630000 7.065556  
251 12.630000 7.065556  
252 12.630000 7.065556  
253 12.630000 7.065556  
254 12.630000 7.065556  
255 12.630000 7.065556  
256 12.630000 7.065556  
257 12.630000 7.065556  
258 12.630000 7.065556  
259 12.630000 7.065556  
260 12.630000 7.065556  
261 12.630000 7.065556  
262 12.630000 7.065556  
263 12.630000 7.065556  
264 12.630000 7.065556  
265 12.630000 7.065556  
266 12.630000 7.065556  
267 12.630000 7.065556  
268 12.630000 7.065556  
269 12.630000 7.065556  
270 12.630000 7.065556  
271 12.630000 7.065556  
272 12.630000 7.065556  
273 12.630000 7.065556  
274 12.630000 7.065556  
275 12.630000 7.065556  
276 12.630000 7.065556  
277 12.630000 7.065556  
278 12.630000 7.065556  
279 12.630000 7.065556  
280 12.630000 7.065556  
281 12.630000 7.065556  
282 12.630000 7.065556  
283 12.630000 7.065556  
284 12.630000 7.065556  
285 12.630000 7.065556  
286 12.630000 7.065556  
287 12.630000 7.065556  
288 12.630000 7.065556  
289 12.630000 7.065556  
290 12.630000 7.065556  
291 12.630000 7.065556  
292 12.630000 7.065556  
293 12.630000 7.065556  
294 12.630000 7.065556  
295 12.630000 7.065556  
296 12.630000 7.065556  
297 12.630000 7.065556  
298 12.630000 7.065556  
299 12.630000 7.065556  
300 12.630000 7.065556  
301 12.630000 7.065556  
302 12.630000 7.065556  
303 12.630000 7.065556  
304 12.630000 7.065556  
305 12.630000 7.065556  
306 12.630000 7.065556  
307 12.630000 7.065556  
308 12.630000 7.065556  
309 12.630000 7.065556  
310 12.630000 7.065556  
311 12.630000 7.065556  
312 12.630000 7.065556  
313 12.630000 7.065556  
314 12.630000 7.065556  
315 12.630000 7.065556  
316 12.630000 7.065556  
317 12.630000 7.065556  
318 12.630000 7.065556  
319 12.630000 7.065556  
320 12.630000 7.065556  
321 12.630000 7.065556  
322 12.630000 7.065556  
323 12.630000 7.065556  
324 12.630000 7.065556  
325 12.630000 7.065556  
326 12.630000 7.065556  
327 12.630000 7.065556  
328 12.630000 7.065556  
329 12.630000 7.065556  
330 12.630000 7.065556  
331 12.630000 7.065556  
332 12.630000 7.065556  
333 12.630000 7.065556  
334 12.630000 7.065556  
335 12.630000 7.065556  
336 12.630000 7.065556  
337 12.630000 7.065556  
338 12.630000 7.065556  
339 12.630000 7.065556  
340 12.630000 7.065556  
341 12.630000 7.065556  
342 12.630000 7.065556  
343 12.630000 7.065556  
344 12.630000 7.065556  
345 12.630000 7.065556  
346 12.630000 7.065556  
347 12.630000 7.065556  
348 12.630000 7.065556  
349 12.630000 7.065556  
350 12.630000 7.065556  
351 12.630000 7.065556  
352 12.630000 7.065556  
353 12.630000 7.065556  
354 12.630000 7.065556  
355 12.630000 7.065556  
356 12.630000 7.065556  
357 12.630000 7.065556  
358 12.630000 7.065556  
359 12.630000 7.065556  
360 12.630000 7.065556  
361 12.630000 7.065556  
362 12.630000 7.065556  
363 12.630000 7.065556  
364 12.630000 7.065556  
365 12.630000 7.065556  
366 12.630000 7.065556  
367 12.940000 7.100000  
368 12.940000 7.100000  
369 12.940000 7.100000  
370 12.940000 7.100000  
371 12.940000 7.100000  
372 12.940000 7.100000  
373 12.940000 7.100000  
374 12.940000 7.100000  
375 12.940000 7.100000  
376 12.940000 7.100000  
377 12.940000 7.100000  
378 12.940000 7.100000  
379 12.940000 7.100000  
380 12.940000 7.100000  
381 12.940000 7.100000  
382 12.940000 7.100000  
383 12.940000 7.100000  
384 12.940000 7.100000  
385 12.940000 7.194444  
386 12.940000 7.194444  
387 12.940000 7.194444  
388 12.940000 7.194444  
389 12.940000 7.194444  
390 12.940000 7.197778  
391 12.940000 7.197778  
392 12.940000 7.197778  
393 12.940000 7.197778  
394 12.940000 7.197778  
395 12.940000 7.197778  
396 12.940000 7.197778  
397 12.940000 7.197778  
398 12.940000 7.197778  
399 12.940000 7.197778  
400 12.940000 7.197778  
401 12.940000 7.197778  
402 12.940000 7.197778  
403 12.940000 7.197778  
404 12.940000 7.197778  
405 12.940000 7.197778  
406 12.940000 7.197778  
407 12.940000 7.197778  
408 12.940000 7.197778  
409 12.940000 7.197778  
410 12.940000 7.197778  
411 12.940000 7.197778  
412 12.940000 7.197778  
413 12.940000 7.197778  
414 12.940000 7.197778  
415 12.940000 7.197778  
416 12.940000 7.197778  
417 12.940000 7.197778  
418 12.940000 7.197778  
419 12.940000 7.197778  
420 12.940000 7.197778  
421 12.940000 7.197778  
422 12.940000 7.197778  
423 12.940000 7.197778  
424 12.940000 7.197778  
425 12.940000 7.197778  
426 12.940000 7.215556  
427 12.940000 7.215556  
428 12.940000 7.215556  
429 12.940000 7.215556  
430 12.940000 7.215556  
431 12.940000 7.215556  
432 12.940000 7.215556  
433 12.940000 7.230000  
434 12.940000 7.230000  
435 12.940000 7.230000  
436 12.940000 7.230000  
437 12.940000 7.230000  
438 12.940000 7.230000  
439 12.940000 7.230000  
440 12.940000 7.230000  
441 12.940000 7.230000  
442 12.940000 7.230000  
443 12.940000 7.230000  
444 12.940000 7.230000  
445 12.940000 7.230000  
446 12.940000 7.230000  
447 12.940000 7.230000  
448 12.940000 7.230000  
449 12.940000 7.230000  
450 12.940000 7.230000  
451 12.940000 7.230000  
452 12.940000 7.230000  
453 12.940000 7.230000  
454 12.940000 7.230000  
455 12.940000 7.230000  
456 12.940000 7.230000  
457 12.940000 7.284444  
458 12.940000 7.284444  
459 12.940000 7.284444  
460 12.940000 7.284444  
461 12.940000 7.284444  
462 12.940000 7.284444  
463 12.940000 7.284444  
464 12.940000 7.284444  
465 12.940000 7.286667  
466 12.940000 7.286667  
467 12.940000 7.286667  
468 12.940000 7.286667  
469 12.940000 7.368889  
470 12.940000 7.368889  
471 12.940000 7.368889  
472 12.940000 7.368889  
473 12.940000 7.368889  
474 12.940000 7.428889  
475 12.940000 7.428889  
476 12.940000 7.428889  
477 12.940000 7.428889  
478 12.940000 7.428889  
479 12.940000 7.428889  
480 12.940000 7.428889  
481 12.940000 7.428889  
482 12.940000 7.428889  
483 12.940000 7.428889  
484 12.940000 7.428889  
485 12.940000 7.492222  
486 12.940000 7.492222  
487 12.940000 7.492222  
488 12.940000 7.492222  
489 12.940000 7.492222  
490 12.940000 7.492222  
491 12.940000 7.492222  
492 12.940000 7.492222  
493 12.940000 7.492222  
494 12.940000 7.492222  
495 12.940000 7.492222  
496 12.940000 7.492222  
497 12.940000 7.492222  
498 12.940000 7.492222  
499 12.940000 7.492222  
