0 7.680000 3.700000  
1 7.680000 3.700000  
2 7.680000 3.700000  
3 7.680000 3.700000  
4 7.680000 3.700000  
5 7.680000 3.700000  
6 7.680000 3.700000  
7 7.680000 3.700000  
8 7.680000 3.700000  
9 7.680000 3.700000  
10 7.680000 3.700000  
11 7.680000 3.700000  
12 7.680000 3.700000  
13 7.680000 3.700000  
14 7.680000 3.700000  
15 7.680000 3.700000  
16 7.680000 3.700000  
17 7.680000 3.700000  
18 7.680000 3.700000  
19 7.680000 3.700000  
20 7.680000 3.700000  
21 7.680000 3.700000  
22 7.680000 3.700000  
23 7.680000 3.700000  
24 7.680000 3.700000  
25 7.680000 3.700000  
26 7.680000 3.700000  
27 7.680000 3.700000  
28 7.680000 3.700000  
29 7.680000 3.700000  
30 7.680000 3.700000  
31 7.680000 3.700000  
32 7.680000 3.700000  
33 7.680000 3.700000  
34 7.680000 3.700000  
35 7.680000 3.700000  
36 7.680000 3.700000  
37 7.680000 3.700000  
38 7.680000 3.700000  
39 7.680000 3.700000  
40 7.680000 3.700000  
41 7.680000 3.700000  
42 7.680000 3.700000  
43 7.680000 3.700000  
44 7.680000 3.700000  
45 7.680000 3.700000  
46 7.680000 3.700000  
47 7.680000 3.700000  
48 7.680000 3.700000  
49 7.680000 3.700000  
50 7.680000 3.700000  
51 7.680000 3.700000  
52 7.680000 3.700000  
53 7.680000 3.700000  
54 7.680000 3.700000  
55 7.680000 3.715556  
56 7.680000 3.715556  
57 7.680000 3.715556  
58 7.680000 3.715556  
59 7.680000 3.715556  
60 7.680000 3.715556  
61 7.680000 3.715556  
62 7.680000 3.715556  
63 7.680000 3.718889  
64 7.680000 3.718889  
65 7.680000 3.718889  
66 7.680000 3.718889  
67 7.680000 3.718889  
68 7.680000 3.718889  
69 7.680000 3.718889  
70 7.680000 3.718889  
71 7.680000 3.718889  
72 7.680000 3.718889  
73 7.680000 3.718889  
74 7.680000 3.718889  
75 7.680000 3.718889  
76 7.680000 3.718889  
77 7.680000 3.718889  
78 7.680000 3.718889  
79 7.680000 3.718889  
80 7.680000 3.718889  
81 7.680000 3.718889  
82 7.680000 3.718889  
83 7.680000 3.718889  
84 7.680000 3.718889  
85 7.680000 3.718889  
86 7.680000 3.718889  
87 7.680000 3.718889  
88 7.680000 3.718889  
89 7.680000 3.718889  
90 7.680000 3.718889  
91 7.680000 3.718889  
92 7.680000 3.718889  
93 7.680000 3.718889  
94 7.680000 3.718889  
95 7.680000 3.718889  
96 7.680000 3.718889  
97 7.680000 3.718889  
98 7.680000 3.718889  
99 7.680000 3.718889  
100 7.680000 3.718889  
101 7.680000 3.718889  
102 7.680000 3.718889  
103 7.680000 3.718889  
104 7.680000 3.718889  
105 7.680000 3.718889  
106 7.680000 3.718889  
107 7.680000 3.718889  
108 7.680000 3.718889  
109 7.680000 3.718889  
110 7.680000 3.718889  
111 7.680000 3.718889  
112 7.680000 3.724444  
113 7.680000 3.724444  
114 7.680000 3.724444  
115 7.680000 3.724444  
116 7.680000 3.724444  
117 7.680000 3.724444  
118 7.680000 3.724444  
119 7.680000 3.724444  
120 7.680000 3.724444  
121 7.680000 3.724444  
122 7.680000 3.724444  
123 7.680000 3.724444  
124 7.680000 3.724444  
125 7.680000 3.724444  
126 7.680000 3.724444  
127 7.680000 4.230000  
128 7.680000 4.230000  
129 7.680000 4.230000  
130 7.680000 4.230000  
131 7.680000 4.230000  
132 7.680000 4.230000  
133 7.680000 4.230000  
134 7.680000 4.230000  
135 7.680000 4.230000  
136 7.680000 4.230000  
137 7.680000 4.230000  
138 7.680000 4.230000  
139 7.680000 4.230000  
140 7.680000 4.230000  
141 7.680000 4.230000  
142 7.680000 4.230000  
143 7.680000 4.230000  
144 7.680000 4.230000  
145 7.680000 4.230000  
146 7.680000 4.230000  
147 7.680000 4.231111  
148 7.680000 4.231111  
149 7.680000 4.231111  
150 7.680000 4.231111  
151 7.680000 4.231111  
152 7.680000 4.231111  
153 7.680000 4.231111  
154 7.680000 4.231111  
155 7.680000 4.231111  
156 7.680000 4.231111  
157 7.680000 4.231111  
158 7.680000 4.231111  
159 7.680000 4.231111  
160 7.680000 4.254444  
161 7.680000 4.254444  
162 7.680000 4.254444  
163 7.680000 4.254444  
164 7.680000 4.254444  
165 7.680000 4.254444  
166 7.680000 4.254444  
167 7.680000 4.254444  
168 7.680000 4.254444  
169 7.680000 4.254444  
170 7.680000 4.254444  
171 7.680000 4.254444  
172 7.680000 4.254444  
173 7.680000 4.254444  
174 7.680000 4.254444  
175 7.680000 4.254444  
176 7.680000 4.254444  
177 7.680000 4.254444  
178 7.680000 4.254444  
179 7.680000 4.254444  
180 7.680000 4.254444  
181 7.680000 4.254444  
182 7.680000 4.254444  
183 7.680000 4.254444  
184 7.680000 4.254444  
185 7.680000 4.254444  
186 7.680000 4.254444  
187 7.680000 4.254444  
188 7.680000 4.254444  
189 7.680000 4.254444  
190 7.680000 4.254444  
191 7.680000 4.254444  
192 7.680000 4.254444  
193 7.680000 4.254444  
194 7.680000 4.254444  
195 7.680000 4.254444  
196 7.680000 4.254444  
197 7.680000 4.254444  
198 7.680000 4.254444  
199 7.680000 4.254444  
200 7.680000 4.254444  
201 7.680000 4.254444  
202 7.680000 4.254444  
203 7.680000 4.254444  
204 7.680000 4.254444  
205 7.680000 4.254444  
206 7.680000 4.254444  
207 7.680000 4.254444  
208 7.680000 4.254444  
209 7.680000 4.254444  
210 7.680000 4.254444  
211 7.680000 4.254444  
212 7.680000 4.254444  
213 7.680000 4.254444  
214 7.680000 4.254444  
215 7.680000 4.254444  
216 7.680000 4.254444  
217 7.680000 4.254444  
218 7.680000 4.254444  
219 7.680000 4.254444  
220 7.680000 4.254444  
221 7.680000 4.254444  
222 7.680000 4.254444  
223 7.680000 4.254444  
224 7.680000 4.254444  
225 7.680000 4.254444  
226 7.680000 4.254444  
227 7.680000 4.254444  
228 7.680000 4.254444  
229 7.680000 4.254444  
230 7.680000 4.254444  
231 7.680000 4.254444  
232 7.680000 4.254444  
233 7.680000 4.254444  
234 7.680000 4.254444  
235 7.680000 4.254444  
236 7.680000 4.254444  
237 7.680000 4.254444  
238 7.680000 4.254444  
239 7.680000 4.254444  
240 7.680000 4.254444  
241 7.680000 4.254444  
242 7.680000 4.254444  
243 7.680000 4.254444  
244 7.680000 4.254444  
245 7.680000 4.254444  
246 7.680000 4.254444  
247 7.680000 4.254444  
248 7.680000 4.254444  
249 7.680000 4.254444  
250 7.680000 4.263333  
251 7.680000 4.263333  
252 7.680000 4.295556  
253 7.680000 4.295556  
254 7.680000 4.295556  
255 7.680000 4.295556  
256 7.680000 4.295556  
257 7.680000 4.295556  
258 7.680000 4.295556  
259 7.680000 4.295556  
260 7.680000 4.295556  
261 7.680000 4.295556  
262 7.680000 4.295556  
263 7.680000 4.295556  
264 7.680000 4.295556  
265 7.680000 4.295556  
266 7.680000 4.295556  
267 7.680000 4.295556  
268 7.680000 4.322222  
269 7.680000 4.322222  
270 7.680000 4.322222  
271 7.680000 4.322222  
272 7.680000 4.322222  
273 7.680000 4.322222  
274 7.680000 4.322222  
275 7.680000 4.322222  
276 7.680000 4.322222  
277 7.680000 4.322222  
278 7.680000 4.350000  
279 7.680000 4.350000  
280 7.680000 4.350000  
281 7.680000 4.350000  
282 7.680000 4.350000  
283 7.680000 4.350000  
284 7.680000 4.350000  
285 7.680000 4.350000  
286 7.680000 4.350000  
287 7.680000 4.350000  
288 7.680000 4.350000  
289 7.680000 4.350000  
290 7.680000 4.350000  
291 7.680000 4.371111  
292 7.680000 4.371111  
293 7.680000 4.371111  
294 7.680000 4.371111  
295 7.680000 4.371111  
296 7.680000 4.371111  
297 7.680000 4.371111  
298 7.680000 4.371111  
299 7.680000 4.371111  
300 7.680000 4.371111  
301 7.680000 4.371111  
302 7.680000 4.371111  
303 7.680000 4.371111  
304 7.680000 4.371111  
305 7.680000 4.371111  
306 7.680000 4.371111  
307 7.680000 4.371111  
308 7.680000 4.371111  
309 7.680000 4.371111  
310 7.680000 4.371111  
311 7.680000 4.398889  
312 7.680000 4.398889  
313 7.680000 4.398889  
314 7.680000 4.398889  
315 7.680000 4.398889  
316 7.680000 4.398889  
317 7.680000 4.398889  
318 7.680000 4.445556  
319 7.680000 4.445556  
320 7.680000 4.445556  
321 7.680000 4.445556  
322 7.680000 4.445556  
323 7.680000 4.445556  
324 7.680000 4.445556  
325 7.680000 4.445556  
326 7.680000 4.445556  
327 7.680000 4.445556  
328 7.680000 4.445556  
329 7.680000 4.445556  
330 7.680000 4.445556  
331 7.680000 4.445556  
332 7.680000 4.445556  
333 7.680000 4.445556  
334 7.680000 4.445556  
335 7.680000 4.445556  
336 7.680000 4.445556  
337 7.680000 4.445556  
338 7.680000 4.445556  
339 7.680000 4.445556  
340 7.680000 4.445556  
341 7.680000 4.445556  
342 7.680000 4.445556  
343 7.680000 4.445556  
344 7.680000 4.445556  
345 7.680000 4.445556  
346 7.680000 4.445556  
347 7.680000 4.445556  
348 7.680000 4.445556  
349 7.680000 4.445556  
350 7.680000 4.445556  
351 7.680000 4.445556  
352 7.680000 4.445556  
353 7.680000 4.445556  
354 7.680000 4.445556  
355 8.610000 4.560000  
356 8.610000 4.560000  
357 8.610000 4.560000  
358 9.120000 4.616667  
359 9.120000 4.713333  
360 9.120000 4.713333  
361 9.120000 4.713333  
362 9.120000 4.713333  
363 9.120000 4.713333  
364 9.120000 4.713333  
365 9.120000 4.713333  
366 9.120000 4.713333  
367 9.120000 4.713333  
368 9.120000 4.713333  
369 9.120000 4.713333  
370 9.120000 4.713333  
371 9.120000 4.713333  
372 9.120000 4.713333  
373 9.120000 4.713333  
374 9.120000 4.713333  
375 9.120000 4.713333  
376 9.120000 4.713333  
377 9.120000 4.713333  
378 9.120000 4.713333  
379 9.120000 4.713333  
380 9.120000 4.713333  
381 9.120000 4.713333  
382 9.120000 4.713333  
383 9.120000 4.713333  
384 9.120000 4.713333  
385 9.120000 4.713333  
386 9.120000 4.713333  
387 9.120000 4.713333  
388 9.120000 4.713333  
389 9.120000 4.713333  
390 9.120000 4.713333  
391 9.120000 4.713333  
392 9.120000 4.713333  
393 9.120000 4.713333  
394 9.120000 4.713333  
395 9.120000 4.713333  
396 9.120000 4.713333  
397 9.120000 4.713333  
398 9.120000 4.713333  
399 9.120000 4.713333  
400 9.120000 4.713333  
401 9.120000 4.713333  
402 9.120000 4.717778  
403 9.120000 4.717778  
404 9.120000 4.717778  
405 9.120000 4.717778  
406 9.120000 4.717778  
407 9.120000 4.717778  
408 9.120000 4.717778  
409 9.120000 4.717778  
410 9.120000 4.717778  
411 9.120000 4.717778  
412 9.120000 4.717778  
413 9.120000 4.717778  
414 9.120000 4.717778  
415 9.120000 4.717778  
416 9.120000 4.717778  
417 9.120000 4.717778  
418 9.120000 4.717778  
419 9.120000 4.717778  
420 9.120000 4.717778  
421 9.120000 4.717778  
422 9.120000 4.717778  
423 9.120000 4.717778  
424 9.120000 4.717778  
425 9.120000 4.717778  
426 9.120000 4.717778  
427 9.120000 4.717778  
428 9.120000 5.223333  
429 9.120000 5.223333  
430 9.120000 5.223333  
431 9.120000 5.223333  
432 9.120000 5.223333  
433 9.120000 5.223333  
434 9.120000 5.223333  
435 9.120000 5.223333  
436 9.120000 5.223333  
437 9.120000 5.223333  
438 9.120000 5.223333  
439 9.120000 5.223333  
440 9.120000 5.223333  
441 9.120000 5.223333  
442 9.120000 5.223333  
443 9.120000 5.223333  
444 9.120000 5.223333  
445 9.120000 5.223333  
446 9.120000 5.223333  
447 9.120000 5.223333  
448 9.120000 5.223333  
449 9.120000 5.223333  
450 9.120000 5.223333  
451 9.120000 5.223333  
452 9.120000 5.223333  
453 9.120000 5.223333  
454 9.120000 5.223333  
455 9.120000 5.223333  
456 9.120000 5.223333  
457 9.120000 5.223333  
458 9.120000 5.223333  
459 9.120000 5.223333  
460 9.340000 5.247778  
461 9.340000 5.247778  
462 9.340000 5.247778  
463 9.340000 5.247778  
464 9.340000 5.247778  
465 9.340000 5.247778  
466 9.340000 5.247778  
467 9.340000 5.247778  
468 9.340000 5.247778  
469 9.340000 5.247778  
470 9.340000 5.247778  
471 9.340000 5.247778  
472 9.340000 5.247778  
473 9.340000 5.247778  
474 9.340000 5.247778  
475 9.340000 5.247778  
476 9.340000 5.247778  
477 9.340000 5.247778  
478 9.340000 5.247778  
479 9.340000 5.247778  
480 9.340000 5.247778  
481 9.340000 5.247778  
482 9.340000 5.247778  
483 9.340000 5.247778  
484 9.340000 5.247778  
485 9.340000 5.248889  
486 9.340000 5.248889  
487 9.340000 5.248889  
488 9.340000 5.248889  
489 9.340000 5.248889  
490 9.340000 5.248889  
491 9.340000 5.248889  
492 9.340000 5.248889  
493 9.340000 5.248889  
494 9.340000 5.248889  
495 9.340000 5.248889  
496 9.340000 5.248889  
497 9.340000 5.248889  
498 9.340000 5.248889  
499 9.340000 5.248889  
