0 12.080000 6.444444  
1 12.080000 6.444444  
2 12.080000 6.444444  
3 12.080000 6.444444  
4 12.080000 6.444444  
5 12.080000 6.444444  
6 12.080000 6.444444  
7 12.080000 6.444444  
8 12.080000 6.444444  
9 12.080000 6.444444  
10 12.080000 6.444444  
11 12.080000 6.444444  
12 12.080000 6.444444  
13 12.080000 6.444444  
14 12.080000 6.444444  
15 12.080000 6.444444  
16 12.080000 6.444444  
17 12.080000 6.444444  
18 12.080000 6.444444  
19 12.080000 6.444444  
20 12.080000 6.444444  
21 12.080000 6.444444  
22 12.080000 6.444444  
23 12.080000 6.444444  
24 12.080000 6.444444  
25 12.080000 6.444444  
26 12.080000 6.444444  
27 12.080000 6.444444  
28 12.080000 6.444444  
29 12.080000 6.444444  
30 12.080000 6.444444  
31 12.080000 6.444444  
32 12.080000 6.444444  
33 12.080000 6.444444  
34 12.080000 6.444444  
35 12.080000 6.444444  
36 12.080000 6.444444  
37 12.080000 6.463333  
38 12.080000 6.463333  
39 12.080000 6.463333  
40 12.080000 6.463333  
41 12.080000 6.463333  
42 12.080000 6.463333  
43 12.080000 6.463333  
44 12.080000 6.463333  
45 12.080000 6.463333  
46 12.080000 6.463333  
47 12.080000 6.463333  
48 12.080000 6.463333  
49 12.080000 6.463333  
50 12.080000 6.463333  
51 12.080000 6.463333  
52 12.080000 6.463333  
53 12.080000 6.463333  
54 12.080000 6.463333  
55 12.080000 6.463333  
56 12.080000 6.463333  
57 12.080000 6.463333  
58 12.080000 6.463333  
59 12.080000 6.463333  
60 12.080000 6.463333  
61 12.080000 6.463333  
62 12.080000 6.463333  
63 12.080000 6.463333  
64 12.080000 6.463333  
65 12.080000 6.463333  
66 12.080000 6.463333  
67 12.080000 6.463333  
68 12.080000 6.463333  
69 12.080000 6.463333  
70 12.080000 6.463333  
71 12.080000 6.463333  
72 12.080000 6.463333  
73 12.080000 6.472222  
74 12.080000 6.472222  
75 12.080000 6.472222  
76 12.080000 6.472222  
77 12.080000 6.472222  
78 12.080000 6.472222  
79 12.080000 6.472222  
80 12.080000 6.472222  
81 12.080000 6.472222  
82 12.080000 6.472222  
83 12.080000 6.472222  
84 12.080000 6.472222  
85 12.080000 6.472222  
86 12.080000 6.472222  
87 12.080000 6.472222  
88 12.160000 6.481111  
89 12.160000 6.481111  
90 12.160000 6.481111  
91 12.160000 6.481111  
92 12.160000 6.481111  
93 12.160000 6.485556  
94 12.160000 6.485556  
95 12.160000 6.485556  
96 12.160000 6.485556  
97 12.160000 6.485556  
98 12.160000 6.485556  
99 12.160000 6.485556  
100 12.160000 6.485556  
101 12.160000 6.485556  
102 12.160000 6.485556  
103 12.160000 6.485556  
104 12.160000 6.485556  
105 12.160000 6.495556  
106 12.160000 6.495556  
107 12.160000 6.495556  
108 12.160000 6.495556  
109 12.160000 6.495556  
110 12.160000 6.495556  
111 12.160000 6.495556  
112 12.160000 6.495556  
113 12.160000 6.495556  
114 12.160000 6.495556  
115 12.160000 6.495556  
116 12.160000 6.495556  
117 12.160000 6.495556  
118 12.160000 6.495556  
119 12.160000 6.495556  
120 12.160000 6.495556  
121 12.230000 6.503333  
122 12.230000 6.503333  
123 12.230000 6.503333  
124 12.230000 6.503333  
125 12.230000 6.503333  
126 12.230000 6.503333  
127 12.230000 6.503333  
128 12.230000 6.503333  
129 12.230000 6.503333  
130 12.230000 6.503333  
131 12.230000 6.503333  
132 12.230000 6.503333  
133 12.230000 6.503333  
134 12.230000 6.503333  
135 12.230000 6.503333  
136 12.230000 6.503333  
137 12.230000 6.503333  
138 12.230000 6.503333  
139 12.230000 6.503333  
140 12.230000 6.503333  
141 12.230000 6.503333  
142 12.230000 6.503333  
143 12.230000 6.503333  
144 12.230000 6.503333  
145 12.230000 6.503333  
146 12.230000 6.503333  
147 12.230000 6.503333  
148 12.230000 6.503333  
149 12.230000 6.503333  
150 12.230000 6.503333  
151 12.230000 6.503333  
152 12.230000 6.503333  
153 12.230000 6.503333  
154 12.230000 6.503333  
155 12.230000 6.530000  
156 12.230000 6.530000  
157 12.230000 6.530000  
158 12.230000 6.530000  
159 12.230000 6.530000  
160 12.230000 6.530000  
161 12.230000 6.530000  
162 12.230000 6.530000  
163 12.230000 6.530000  
164 12.230000 6.568889  
165 12.230000 6.568889  
166 12.230000 6.568889  
167 12.230000 6.568889  
168 12.230000 6.568889  
169 12.230000 6.568889  
170 12.230000 6.568889  
171 12.230000 6.568889  
172 12.230000 6.568889  
173 12.230000 6.568889  
174 12.230000 6.568889  
175 12.230000 6.568889  
176 12.230000 6.568889  
177 12.230000 6.568889  
178 12.230000 6.568889  
179 12.230000 6.568889  
180 12.230000 6.568889  
181 12.230000 6.568889  
182 12.230000 6.568889  
183 12.230000 6.568889  
184 12.230000 6.568889  
185 12.230000 6.568889  
186 12.230000 6.568889  
187 12.230000 6.568889  
188 12.230000 6.568889  
189 12.230000 6.568889  
190 12.230000 6.568889  
191 12.230000 6.568889  
192 12.230000 6.568889  
193 12.230000 6.568889  
194 12.230000 6.568889  
195 12.230000 6.568889  
196 12.230000 6.595556  
197 12.230000 6.595556  
198 12.230000 6.595556  
199 12.230000 6.595556  
200 12.230000 6.595556  
201 12.230000 6.595556  
202 12.230000 6.595556  
203 12.230000 6.595556  
204 12.230000 6.595556  
205 12.230000 6.595556  
206 12.230000 6.595556  
207 12.230000 6.595556  
208 12.230000 6.595556  
209 12.230000 6.595556  
210 12.230000 6.595556  
211 12.230000 6.596667  
212 12.230000 6.596667  
213 12.230000 6.596667  
214 12.230000 6.596667  
215 12.230000 6.596667  
216 12.230000 6.596667  
217 12.230000 6.596667  
218 12.230000 6.596667  
219 12.230000 6.596667  
220 12.230000 6.596667  
221 12.230000 6.596667  
222 12.230000 6.596667  
223 12.230000 6.596667  
224 12.230000 6.596667  
225 12.230000 6.596667  
226 12.230000 6.596667  
227 12.230000 6.596667  
228 12.230000 6.596667  
229 12.230000 6.596667  
230 12.230000 6.596667  
231 12.230000 6.596667  
232 12.230000 6.596667  
233 12.230000 6.596667  
234 12.230000 6.596667  
235 12.230000 6.596667  
236 12.230000 6.596667  
237 12.230000 6.596667  
238 12.230000 6.596667  
239 12.230000 6.596667  
240 12.230000 6.596667  
241 12.230000 6.596667  
242 12.230000 6.596667  
243 12.230000 6.596667  
244 12.230000 6.596667  
245 12.230000 6.596667  
246 12.230000 6.596667  
247 12.230000 6.596667  
248 12.230000 6.596667  
249 12.230000 6.596667  
250 12.230000 6.596667  
251 12.230000 6.596667  
252 12.230000 6.596667  
253 12.230000 6.596667  
254 12.230000 6.596667  
255 12.230000 6.596667  
256 12.230000 6.596667  
257 12.230000 6.596667  
258 12.230000 6.596667  
259 12.230000 6.596667  
260 12.230000 6.596667  
261 12.230000 6.654444  
262 12.230000 6.654444  
263 12.230000 6.654444  
264 12.230000 6.654444  
265 12.230000 6.654444  
266 12.230000 6.654444  
267 12.230000 6.654444  
268 12.230000 6.654444  
269 12.230000 6.654444  
270 12.230000 6.654444  
271 12.230000 6.654444  
272 12.230000 6.654444  
273 12.230000 6.654444  
274 12.230000 6.654444  
275 12.230000 6.654444  
276 12.230000 6.654444  
277 12.230000 6.654444  
278 12.230000 6.678889  
279 12.230000 6.678889  
280 12.230000 6.678889  
281 12.230000 6.678889  
282 12.440000 6.712222  
283 12.440000 6.712222  
284 12.440000 6.712222  
285 12.440000 6.712222  
286 12.440000 6.712222  
287 12.440000 6.712222  
288 12.440000 6.712222  
289 12.440000 6.712222  
290 12.440000 6.712222  
291 12.440000 6.712222  
292 12.440000 6.712222  
293 12.440000 6.712222  
294 12.440000 6.712222  
295 12.440000 6.712222  
296 12.440000 6.712222  
297 12.440000 6.712222  
298 12.440000 6.712222  
299 12.440000 6.712222  
300 12.440000 6.712222  
301 12.440000 6.712222  
302 12.440000 6.712222  
303 12.440000 6.712222  
304 12.440000 6.712222  
305 12.440000 6.712222  
306 12.440000 6.712222  
307 12.440000 6.712222  
308 12.440000 6.712222  
309 12.440000 6.712222  
310 12.440000 6.712222  
311 12.440000 6.712222  
312 12.440000 6.712222  
313 12.440000 6.712222  
314 12.440000 6.712222  
315 12.440000 6.712222  
316 12.440000 6.712222  
317 12.440000 6.712222  
318 12.440000 6.712222  
319 12.440000 6.712222  
320 12.440000 6.712222  
321 12.440000 6.712222  
322 12.440000 6.712222  
323 12.440000 6.712222  
324 12.440000 6.712222  
325 12.440000 6.712222  
326 12.440000 6.712222  
327 12.440000 6.712222  
328 12.440000 6.712222  
329 12.440000 6.712222  
330 12.440000 6.712222  
331 12.440000 6.712222  
332 12.440000 6.712222  
333 12.440000 6.712222  
334 12.440000 6.712222  
335 12.440000 6.712222  
336 12.440000 6.712222  
337 12.440000 6.712222  
338 12.440000 6.712222  
339 12.440000 6.712222  
340 12.440000 6.712222  
341 12.440000 6.712222  
342 12.440000 6.712222  
343 12.440000 6.712222  
344 12.440000 6.712222  
345 12.440000 6.712222  
346 12.440000 6.712222  
347 12.440000 6.712222  
348 12.440000 6.712222  
349 12.440000 6.712222  
350 12.440000 6.712222  
351 12.440000 6.712222  
352 12.440000 6.712222  
353 12.440000 6.712222  
354 12.440000 6.712222  
355 12.440000 6.712222  
356 12.440000 6.712222  
357 12.440000 6.712222  
358 12.440000 6.712222  
359 12.440000 6.712222  
360 12.440000 6.712222  
361 12.440000 6.712222  
362 12.440000 6.712222  
363 12.440000 6.712222  
364 12.610000 6.754444  
365 12.610000 6.754444  
366 12.610000 6.754444  
367 12.610000 6.754444  
368 12.610000 6.754444  
369 12.610000 6.754444  
370 12.610000 6.754444  
371 12.610000 6.754444  
372 12.610000 6.754444  
373 12.610000 6.754444  
374 12.610000 6.754444  
375 12.610000 6.754444  
376 12.610000 6.754444  
377 12.610000 6.754444  
378 12.610000 6.754444  
379 12.610000 6.772222  
380 12.610000 6.772222  
381 12.610000 6.772222  
382 12.610000 6.772222  
383 12.610000 6.772222  
384 12.610000 6.772222  
385 12.610000 6.772222  
386 12.610000 6.772222  
387 12.610000 6.772222  
388 12.610000 6.772222  
389 12.610000 6.772222  
390 12.610000 6.772222  
391 12.610000 6.818889  
392 12.610000 6.818889  
393 12.610000 6.818889  
394 12.610000 6.818889  
395 12.610000 6.818889  
396 12.610000 6.818889  
397 12.610000 6.818889  
398 12.610000 6.818889  
399 12.610000 6.818889  
400 12.610000 6.818889  
401 12.610000 6.818889  
402 12.610000 6.818889  
403 12.610000 6.818889  
404 12.610000 6.818889  
405 12.610000 6.818889  
406 12.610000 6.818889  
407 12.610000 6.818889  
408 12.610000 6.818889  
409 12.610000 6.818889  
410 12.610000 6.818889  
411 12.610000 6.818889  
412 12.610000 6.818889  
413 12.610000 6.818889  
414 12.610000 6.818889  
415 12.610000 6.818889  
416 12.610000 6.818889  
417 12.610000 6.818889  
418 12.610000 6.818889  
419 12.610000 6.818889  
420 12.610000 6.818889  
421 12.610000 6.818889  
422 12.610000 6.818889  
423 12.610000 6.818889  
424 12.610000 6.881111  
425 12.610000 6.881111  
426 12.610000 6.881111  
427 12.610000 6.881111  
428 12.610000 6.881111  
429 12.610000 6.881111  
430 12.610000 6.881111  
431 12.610000 6.881111  
432 12.610000 6.881111  
433 12.610000 6.881111  
434 12.610000 6.881111  
435 12.610000 6.881111  
436 12.610000 6.881111  
437 12.610000 6.881111  
438 12.610000 6.881111  
439 12.610000 6.881111  
440 12.610000 6.881111  
441 12.610000 6.881111  
442 12.610000 6.881111  
443 12.610000 6.881111  
444 12.610000 6.881111  
445 12.630000 6.883333  
446 12.630000 6.883333  
447 12.630000 6.883333  
448 12.630000 6.883333  
449 12.630000 6.883333  
450 12.630000 6.883333  
451 12.630000 6.883333  
452 12.630000 6.883333  
453 12.630000 6.883333  
454 12.630000 6.883333  
455 12.630000 6.883333  
456 12.630000 6.883333  
457 12.630000 6.883333  
458 12.630000 6.883333  
459 12.630000 6.883333  
460 12.630000 6.885556  
461 12.630000 6.885556  
462 12.630000 6.885556  
463 12.630000 6.885556  
464 12.630000 6.885556  
465 12.630000 6.885556  
466 12.630000 6.885556  
467 12.630000 6.885556  
468 12.630000 6.885556  
469 12.630000 6.885556  
470 12.630000 6.885556  
471 12.630000 6.885556  
472 12.630000 6.885556  
473 12.630000 6.885556  
474 12.630000 6.885556  
475 12.630000 6.885556  
476 12.630000 6.885556  
477 12.630000 6.885556  
478 12.630000 6.885556  
479 12.630000 6.885556  
480 12.630000 6.885556  
481 12.630000 6.885556  
482 12.630000 6.885556  
483 12.630000 6.886667  
484 12.630000 6.886667  
485 12.630000 6.886667  
486 12.630000 6.886667  
487 12.630000 6.886667  
488 12.630000 6.886667  
489 12.630000 6.886667  
490 12.630000 6.886667  
491 12.630000 6.886667  
492 12.630000 6.886667  
493 12.630000 6.886667  
494 12.630000 6.886667  
495 12.630000 6.886667  
496 12.630000 6.886667  
497 12.630000 6.886667  
498 12.630000 6.886667  
499 12.630000 6.886667  
