0 1.100000 1.000000 0.800000 
1 1.100000 1.000000 0.800000 
2 1.100000 1.000000 0.800000 
3 0.000000 -0.000000 0.000000 
4 0.000000 -0.000000 0.000000 
5 0.000000 -0.000000 0.000000 
6 0.000000 -0.000000 0.000000 
7 0.000000 -0.000000 0.000000 
8 0.000000 -0.000000 0.000000 
9 0.000000 -0.000000 0.000000 
10 0.000000 -0.000000 0.000000 
11 0.000000 -0.000000 0.000000 
12 0.000000 -0.000000 0.000000 
13 0.100000 -0.200000 -0.000000 
14 0.100000 -0.200000 -0.000000 
15 0.100000 -0.200000 -0.000000 
16 0.100000 -0.200000 -0.000000 
17 0.100000 -0.200000 -0.000000 
18 0.100000 -0.200000 -0.000000 
19 0.100000 -0.200000 -0.000000 
20 0.100000 -0.200000 -0.000000 
21 0.100000 -0.200000 -0.000000 
22 0.300000 -0.200000 -0.100000 
23 0.300000 -0.200000 -0.100000 
24 0.300000 -0.200000 -0.100000 
25 0.300000 -0.200000 -0.100000 
26 0.300000 -0.200000 -0.100000 
27 0.300000 -0.200000 -0.100000 
28 0.300000 -0.200000 -0.100000 
29 0.300000 -0.200000 -0.100000 
30 0.300000 -0.200000 -0.100000 
31 0.400000 0.000000 -0.300000 
32 0.400000 0.000000 -0.300000 
33 0.400000 0.000000 -0.300000 
34 0.400000 0.000000 -0.300000 
35 0.400000 0.000000 -0.300000 
36 0.400000 0.000000 -0.300000 
37 0.400000 0.000000 -0.300000 
38 0.400000 0.000000 -0.300000 
39 0.400000 0.000000 -0.300000 
40 0.400000 0.000000 -0.300000 
41 0.500000 0.200000 -0.400000 
42 0.500000 0.200000 -0.400000 
43 0.500000 0.200000 -0.400000 
44 0.500000 0.200000 -0.400000 
45 0.500000 0.200000 -0.400000 
46 0.500000 0.200000 -0.400000 
47 0.500000 0.200000 -0.400000 
48 0.500000 0.200000 -0.400000 
49 0.500000 0.200000 -0.400000 
50 0.500000 0.200000 -0.400000 
51 0.600000 0.300000 -0.500000 
52 0.600000 0.300000 -0.500000 
53 0.600000 0.300000 -0.500000 
54 0.600000 0.300000 -0.500000 
55 0.600000 0.300000 -0.500000 
56 0.600000 0.300000 -0.500000 
57 0.600000 0.300000 -0.500000 
58 0.600000 0.300000 -0.500000 
59 0.600000 0.300000 -0.500000 
60 0.600000 0.300000 -0.500000 
61 0.700000 0.500000 -0.600000 
62 0.700000 0.500000 -0.600000 
63 0.700000 0.500000 -0.600000 
64 0.700000 0.500000 -0.600000 
65 0.700000 0.500000 -0.600000 
66 0.700000 0.500000 -0.600000 
67 0.700000 0.500000 -0.600000 
68 0.700000 0.500000 -0.600000 
69 0.700000 0.500000 -0.600000 
70 0.700000 0.500000 -0.600000 
71 0.900000 0.700000 -0.800000 
72 0.900000 0.700000 -0.800000 
73 0.900000 0.700000 -0.800000 
74 0.900000 0.700000 -0.800000 
75 0.900000 0.700000 -0.800000 
76 0.900000 0.700000 -0.800000 
77 0.900000 0.700000 -0.800000 
78 0.900000 0.700000 -0.800000 
79 0.900000 0.700000 -0.800000 
80 0.900000 0.700000 -0.800000 
81 0.800000 0.800000 -0.900000 
82 0.800000 0.800000 -0.900000 
83 0.800000 0.800000 -0.900000 
84 0.800000 0.800000 -0.900000 
85 0.800000 0.800000 -0.900000 
86 0.800000 0.800000 -0.900000 
87 0.800000 0.800000 -0.900000 
88 0.800000 0.800000 -0.900000 
89 0.800000 0.800000 -0.900000 
90 0.800000 0.800000 -0.900000 
91 0.700000 0.900000 -0.900000 
92 0.700000 0.900000 -0.900000 
93 0.700000 0.900000 -0.900000 
94 0.700000 0.900000 -0.900000 
95 0.700000 0.900000 -0.900000 
96 0.700000 0.900000 -0.900000 
97 0.700000 0.900000 -0.900000 
98 0.700000 0.900000 -0.900000 
99 0.700000 0.900000 -0.900000 
100 0.700000 0.900000 -0.900000 
101 0.600000 1.000000 -1.000000 
102 0.600000 1.000000 -1.000000 
103 0.600000 1.000000 -1.000000 
104 0.600000 1.000000 -1.000000 
105 0.600000 1.000000 -1.000000 
106 0.600000 1.000000 -1.000000 
107 0.600000 1.000000 -1.000000 
108 0.600000 1.000000 -1.000000 
109 0.600000 1.000000 -1.000000 
110 0.600000 1.000000 -1.000000 
111 0.500000 0.900000 -1.000000 
112 0.500000 0.900000 -1.000000 
113 0.500000 0.900000 -1.000000 
114 0.500000 0.900000 -1.000000 
115 0.500000 0.900000 -1.000000 
116 0.500000 0.900000 -1.000000 
117 0.500000 0.900000 -1.000000 
118 0.500000 0.900000 -1.000000 
119 0.500000 0.900000 -1.000000 
120 0.500000 0.900000 -1.000000 
121 0.400000 0.900000 -0.900000 
122 0.400000 0.900000 -0.900000 
123 0.400000 0.900000 -0.900000 
124 0.400000 0.900000 -0.900000 
125 0.400000 0.900000 -0.900000 
126 0.400000 0.900000 -0.900000 
127 0.400000 0.900000 -0.900000 
128 0.400000 0.900000 -0.900000 
129 0.400000 0.900000 -0.900000 
130 0.300000 0.900000 -0.900000 
131 0.300000 0.900000 -0.900000 
132 0.300000 0.900000 -0.900000 
133 0.300000 0.900000 -0.900000 
134 0.300000 0.900000 -0.900000 
135 0.300000 0.900000 -0.900000 
136 0.300000 0.900000 -0.900000 
137 0.300000 0.900000 -0.900000 
138 0.300000 0.900000 -0.900000 
139 0.300000 0.900000 -0.900000 
140 0.200000 0.900000 -0.800000 
141 0.200000 0.900000 -0.800000 
142 0.200000 0.900000 -0.800000 
143 0.200000 0.900000 -0.800000 
144 0.200000 0.900000 -0.800000 
145 0.200000 0.900000 -0.800000 
146 0.200000 0.900000 -0.800000 
147 0.200000 0.900000 -0.800000 
148 0.200000 0.900000 -0.800000 
149 0.200000 0.900000 -0.800000 
150 0.100000 0.900000 -0.800000 
151 0.100000 0.900000 -0.800000 
152 0.100000 0.900000 -0.800000 
153 0.100000 0.900000 -0.800000 
154 0.100000 0.900000 -0.800000 
155 0.100000 0.900000 -0.800000 
156 0.100000 0.900000 -0.800000 
157 0.100000 0.900000 -0.800000 
158 0.100000 0.900000 -0.800000 
159 0.100000 0.900000 -0.800000 
160 0.000000 0.900000 -0.800000 
161 0.000000 0.900000 -0.800000 
162 0.000000 0.900000 -0.800000 
163 0.000000 0.900000 -0.800000 
164 0.000000 0.900000 -0.800000 
165 0.000000 0.900000 -0.800000 
166 0.000000 0.900000 -0.800000 
167 0.000000 0.900000 -0.800000 
168 0.000000 0.900000 -0.800000 
169 0.000000 0.900000 -0.800000 
170 -0.100000 0.900000 -0.800000 
171 -0.100000 0.900000 -0.800000 
172 -0.100000 0.900000 -0.800000 
173 -0.100000 0.900000 -0.800000 
174 -0.100000 0.900000 -0.800000 
175 -0.100000 0.900000 -0.800000 
176 -0.100000 0.900000 -0.800000 
177 -0.100000 0.900000 -0.800000 
178 -0.100000 0.900000 -0.800000 
179 -0.200000 0.900000 -0.800000 
180 -0.200000 0.900000 -0.800000 
181 -0.200000 0.900000 -0.800000 
182 -0.200000 0.900000 -0.800000 
183 -0.200000 0.900000 -0.800000 
184 -0.200000 0.900000 -0.800000 
185 -0.200000 0.900000 -0.800000 
186 -0.200000 0.900000 -0.800000 
187 -0.200000 0.900000 -0.800000 
188 -0.200000 0.900000 -0.800000 
189 -0.300000 1.000000 -0.800000 
190 -0.300000 1.000000 -0.800000 
191 -0.300000 1.000000 -0.800000 
192 -0.300000 1.000000 -0.800000 
193 -0.300000 1.000000 -0.800000 
194 -0.300000 1.000000 -0.800000 
195 -0.300000 1.000000 -0.800000 
196 -0.300000 1.000000 -0.800000 
197 -0.300000 1.000000 -0.800000 
198 -0.300000 1.000000 -0.800000 
199 -0.400000 1.000000 -0.800000 
200 -0.400000 1.000000 -0.800000 
201 -0.400000 1.000000 -0.800000 
202 -0.400000 1.000000 -0.800000 
203 -0.400000 1.000000 -0.800000 
204 -0.400000 1.000000 -0.800000 
205 -0.400000 1.000000 -0.800000 
206 -0.400000 1.000000 -0.800000 
207 -0.400000 1.000000 -0.800000 
208 -0.500000 1.000000 -0.800000 
209 -0.500000 1.000000 -0.800000 
210 -0.500000 1.000000 -0.800000 
211 -0.500000 1.000000 -0.800000 
212 -0.500000 1.000000 -0.800000 
213 -0.500000 1.000000 -0.800000 
214 -0.500000 1.000000 -0.800000 
215 -0.500000 1.000000 -0.800000 
216 -0.500000 1.000000 -0.800000 
217 -0.500000 1.000000 -0.800000 
218 -0.700000 1.000000 -0.800000 
219 -0.700000 1.000000 -0.800000 
220 -0.700000 1.000000 -0.800000 
221 -0.700000 1.000000 -0.800000 
222 -0.700000 1.000000 -0.800000 
223 -0.700000 1.000000 -0.800000 
224 -0.700000 1.000000 -0.800000 
225 -0.700000 1.000000 -0.800000 
226 -0.700000 1.000000 -0.800000 
227 -0.800000 1.000000 -0.800000 
228 -0.800000 1.000000 -0.800000 
229 -0.800000 1.000000 -0.800000 
230 -0.800000 1.000000 -0.800000 
231 -0.800000 1.000000 -0.800000 
232 -0.800000 1.000000 -0.800000 
233 -0.800000 1.000000 -0.800000 
234 -0.800000 1.000000 -0.800000 
235 -0.800000 1.000000 -0.800000 
236 -1.000000 1.000000 -0.800000 
237 -1.000000 1.000000 -0.800000 
238 -1.000000 1.000000 -0.800000 
239 -1.000000 1.000000 -0.800000 
240 -1.000000 1.000000 -0.800000 
241 -1.000000 1.000000 -0.800000 
242 -1.000000 1.000000 -0.800000 
243 -1.000000 1.000000 -0.800000 
244 -1.000000 1.000000 -0.800000 
245 -1.000000 1.000000 -0.800000 
246 -1.200000 1.000000 -0.800000 
247 -1.200000 1.000000 -0.800000 
248 -1.200000 1.000000 -0.800000 
249 -1.200000 1.000000 -0.800000 
250 -1.200000 1.000000 -0.800000 
251 -1.200000 1.000000 -0.800000 
252 -1.200000 1.000000 -0.800000 
253 -1.200000 1.000000 -0.800000 
254 -1.200000 1.000000 -0.800000 
255 -1.200000 1.000000 -0.800000 
256 -1.400000 1.000000 -0.800000 
257 -1.400000 1.000000 -0.800000 
258 -1.400000 1.000000 -0.800000 
259 -1.400000 1.000000 -0.800000 
260 -1.400000 1.000000 -0.800000 
261 -1.400000 1.000000 -0.800000 
262 -1.400000 1.000000 -0.800000 
263 -1.400000 1.000000 -0.800000 
264 -1.400000 1.000000 -0.800000 
265 -1.400000 1.000000 -0.800000 
266 -1.500000 1.000000 -0.800000 
267 -1.500000 1.000000 -0.800000 
268 -1.500000 1.000000 -0.800000 
269 -1.500000 1.000000 -0.800000 
270 -1.500000 1.000000 -0.800000 
271 -1.500000 1.000000 -0.800000 
272 -1.500000 1.000000 -0.800000 
273 -1.500000 1.000000 -0.800000 
274 -1.500000 1.000000 -0.800000 
275 -1.500000 1.000000 -0.800000 
276 -1.500000 1.000000 -0.800000 
277 -1.500000 1.000000 -0.800000 
278 -1.500000 1.000000 -0.800000 
279 -1.500000 1.000000 -0.800000 
280 -1.500000 1.000000 -0.800000 
281 -1.500000 1.000000 -0.800000 
282 -1.500000 1.000000 -0.800000 
283 -1.500000 1.000000 -0.800000 
284 -1.500000 1.000000 -0.800000 
285 -1.500000 1.000000 -0.800000 
286 -1.500000 1.000000 -0.800000 
287 -1.500000 1.000000 -0.800000 
288 -1.500000 1.000000 -0.800000 
289 -1.500000 1.000000 -0.800000 
290 -1.500000 1.000000 -0.800000 
291 -1.500000 1.000000 -0.800000 
292 -1.500000 1.000000 -0.800000 
293 -1.500000 1.000000 -0.800000 
294 -1.500000 1.000000 -0.800000 
295 -1.500000 1.000000 -0.800000 
296 -1.500000 1.000000 -0.800000 
297 -1.500000 1.000000 -0.800000 
298 -1.500000 1.000000 -0.800000 
299 -1.500000 1.000000 -0.800000 
300 -1.500000 1.000000 -0.800000 
301 -1.500000 1.000000 -0.800000 
302 -1.500000 1.000000 -0.800000 
303 -1.500000 1.000000 -0.800000 
304 -1.500000 1.000000 -0.800000 
305 -1.500000 1.000000 -0.800000 
306 -1.500000 1.000000 -0.800000 
307 -1.500000 1.000000 -0.800000 
308 -1.500000 1.000000 -0.800000 
309 -1.500000 1.000000 -0.800000 
310 -1.500000 1.000000 -0.800000 
311 -1.500000 1.000000 -0.800000 
312 -1.500000 1.000000 -0.800000 
313 -1.500000 1.000000 -0.800000 
314 -1.500000 1.000000 -0.800000 
315 -1.500000 1.000000 -0.800000 
316 -1.500000 1.000000 -0.800000 
317 -1.500000 1.000000 -0.800000 
318 -1.500000 1.000000 -0.800000 
319 -1.500000 1.000000 -0.800000 
320 -1.500000 1.000000 -0.800000 
321 -1.500000 1.000000 -0.800000 
322 -1.500000 1.000000 -0.800000 
323 -1.500000 1.000000 -0.800000 
324 -1.500000 1.000000 -0.800000 
325 -1.500000 1.000000 -0.800000 
326 -1.500000 1.000000 -0.800000 
327 -1.500000 1.000000 -0.800000 
328 -1.500000 1.000000 -0.800000 
329 -1.500000 1.000000 -0.800000 
330 -1.500000 1.000000 -0.800000 
331 -1.500000 1.000000 -0.800000 
332 -1.500000 1.000000 -0.800000 
333 -1.500000 1.000000 -0.800000 
334 -1.500000 1.000000 -0.800000 
335 -1.500000 1.000000 -0.800000 
336 -1.500000 1.000000 -0.800000 
337 -1.500000 1.000000 -0.800000 
338 -1.500000 1.000000 -0.800000 
339 -1.500000 1.000000 -0.800000 
340 -1.500000 1.000000 -0.800000 
341 -1.500000 1.000000 -0.800000 
342 -1.500000 1.000000 -0.800000 m
