0 0.000000 0.000000 0.000000 
1 0.000000 0.000000 0.000000 
2 0.000000 0.000000 0.000000 
3 -0.000000 0.000000 0.000000 
4 -0.000000 0.000000 0.000000 
5 -0.000000 -0.000000 0.100000 
6 -0.100000 -0.000000 0.100000 
7 -0.100000 -0.000000 0.100000 
8 -0.100000 -0.000000 0.100000 
9 -0.100000 -0.100000 0.100000 
10 -0.100000 -0.100000 0.100000 
11 -0.100000 -0.100000 0.100000 
12 -0.100000 -0.100000 0.100000 
13 -0.100000 -0.100000 0.100000 
14 -0.100000 -0.100000 0.100000 
15 -0.100000 -0.200000 0.100000 
16 -0.100000 -0.200000 0.100000 
17 -0.200000 -0.200000 0.100000 
18 -0.200000 -0.200000 0.100000 
19 -0.200000 -0.200000 0.100000 
20 -0.200000 -0.200000 0.100000 
21 -0.200000 -0.300000 0.100000 
22 -0.200000 -0.300000 0.100000 
23 -0.200000 -0.300000 0.100000 
24 -0.200000 -0.300000 0.100000 
25 -0.300000 -0.300000 0.100000 
26 -0.300000 -0.300000 0.100000 
27 -0.300000 -0.400000 0.100000 
28 -0.300000 -0.400000 0.100000 
29 -0.300000 -0.400000 0.100000 
30 -0.300000 -0.400000 0.000000 
31 -0.300000 -0.400000 0.000000 
32 -0.300000 -0.400000 0.000000 
33 -0.400000 -0.400000 0.000000 
34 -0.400000 -0.500000 0.000000 
35 -0.400000 -0.500000 0.000000 
36 -0.400000 -0.500000 0.000000 
37 -0.400000 -0.500000 0.000000 
38 -0.400000 -0.500000 0.000000 
39 -0.500000 -0.500000 0.000000 
40 -0.500000 -0.500000 0.000000 
41 -0.500000 -0.500000 0.000000 
42 -0.500000 -0.500000 0.000000 
43 -0.500000 -0.500000 0.000000 
44 -0.500000 -0.500000 0.000000 
45 -0.500000 -0.500000 0.000000 
46 -0.500000 -0.500000 0.000000 
47 -0.600000 -0.600000 0.000000 
48 -0.600000 -0.600000 0.000000 
49 -0.600000 -0.600000 0.000000 
50 -0.600000 -0.600000 0.000000 
51 -0.600000 -0.600000 0.000000 
52 -0.600000 -0.600000 0.000000 
53 -0.700000 -0.600000 0.000000 
54 -0.700000 -0.700000 0.000000 
55 -0.700000 -0.700000 0.000000 
56 -0.700000 -0.700000 0.000000 
57 -0.700000 -0.700000 0.000000 
58 -0.700000 -0.700000 0.000000 
59 -0.800000 -0.700000 0.000000 
60 -0.800000 -0.700000 0.000000 
61 -0.800000 -0.700000 0.000000 
62 -0.800000 -0.700000 0.000000 
63 -0.900000 -0.700000 0.000000 
64 -0.900000 -0.700000 0.000000 
65 -0.900000 -0.700000 0.000000 
66 -0.900000 -0.700000 0.000000 
67 -0.900000 -0.700000 0.000000 
68 -1.000000 -0.700000 0.000000 
69 -1.000000 -0.700000 0.000000 
70 -1.000000 -0.700000 0.000000 
71 -1.000000 -0.700000 0.000000 
72 -1.100000 -0.700000 0.000000 
73 -1.100000 -0.700000 0.000000 
74 -1.100000 -0.700000 0.000000 
75 -1.100000 -0.800000 0.100000 
76 -1.100000 -0.800000 0.100000 
77 -1.200000 -0.800000 0.100000 
78 -1.200000 -0.800000 0.100000 
79 -1.200000 -0.800000 0.100000 
80 -1.200000 -0.800000 0.100000 
81 -1.300000 -0.800000 0.100000 
82 -1.300000 -0.800000 0.100000 
83 -1.300000 -0.800000 0.100000 
84 -1.300000 -0.800000 0.100000 
85 -1.300000 -0.800000 0.100000 
86 -1.300000 -0.800000 0.100000 
87 -1.400000 -0.800000 0.100000 
88 -1.400000 -0.800000 0.100000 
89 -1.400000 -0.800000 0.100000 
90 -1.400000 -0.800000 0.100000 
91 -1.400000 -0.800000 0.100000 
92 -1.400000 -0.800000 0.100000 
93 -1.400000 -0.800000 0.100000 
94 -1.400000 -0.800000 0.100000 
95 -1.400000 -0.700000 0.100000 
96 -1.400000 -0.700000 0.100000 
97 -1.500000 -0.700000 0.200000 
98 -1.500000 -0.700000 0.200000 
99 -1.500000 -0.600000 0.200000 
100 -1.500000 -0.600000 0.200000 
101 -1.500000 -0.600000 0.200000 
102 -1.500000 -0.600000 0.200000 
103 -1.500000 -0.600000 0.200000 
104 -1.500000 -0.600000 0.200000 
105 -1.400000 -0.500000 0.300000 
106 -1.400000 -0.500000 0.300000 
107 -1.400000 -0.500000 0.300000 
108 -1.400000 -0.500000 0.300000 
109 -1.400000 -0.400000 0.300000 
110 -1.400000 -0.400000 0.300000 
111 -1.400000 -0.400000 0.300000 
112 -1.400000 -0.400000 0.300000 
113 -1.400000 -0.400000 0.300000 
114 -1.300000 -0.300000 0.300000 
115 -1.300000 -0.300000 0.300000 
116 -1.300000 -0.300000 0.300000 
117 -1.300000 -0.300000 0.300000 
118 -1.300000 -0.300000 0.300000 
119 -1.300000 -0.200000 0.300000 
120 -1.300000 -0.200000 0.300000 
121 -1.300000 -0.200000 0.300000 
122 -1.300000 -0.200000 0.300000 
123 -1.300000 -0.100000 0.400000 
124 -1.300000 -0.100000 0.400000 
125 -1.200000 -0.100000 0.400000 
126 -1.200000 -0.100000 0.400000 
127 -1.200000 -0.100000 0.400000 
128 -1.200000 -0.000000 0.400000 
129 -1.200000 -0.000000 0.400000 
130 -1.200000 0.000000 0.400000 
131 -1.200000 0.000000 0.400000 
132 -1.200000 0.000000 0.400000 
133 -1.200000 0.100000 0.400000 
134 -1.100000 0.100000 0.400000 
135 -1.100000 0.100000 0.400000 
136 -1.100000 0.200000 0.500000 
137 -1.100000 0.200000 0.500000 
138 -1.100000 0.200000 0.500000 
139 -1.100000 0.200000 0.500000 
140 -1.100000 0.200000 0.500000 
141 -1.100000 0.200000 0.500000 
142 -1.100000 0.200000 0.500000 
143 -1.100000 0.300000 0.500000 
144 -1.100000 0.300000 0.500000 
145 -1.000000 0.300000 0.500000 
146 -1.000000 0.300000 0.500000 
147 -1.000000 0.400000 0.500000 
148 -1.000000 0.400000 0.500000 
149 -1.000000 0.400000 0.500000 
150 -1.000000 0.500000 0.500000 
151 -1.000000 0.500000 0.500000 
