0 0.000000 -0.100000 -0.800000 
1 0.000000 -0.200000 -0.800000 
2 0.000000 -0.200000 -0.800000 
3 0.000000 -0.200000 -0.800000 
4 0.100000 -0.200000 -0.800000 
5 0.100000 -0.200000 -0.800000 
6 0.100000 -0.200000 -0.800000 
7 0.100000 -0.200000 -0.800000 
8 0.100000 -0.200000 -0.900000 
9 0.100000 -0.300000 -0.900000 
10 0.100000 -0.300000 -0.900000 
11 0.100000 -0.300000 -0.900000 
12 0.100000 -0.300000 -0.900000 
13 0.200000 -0.300000 -0.900000 
14 0.200000 -0.300000 -0.900000 
15 0.200000 -0.300000 -0.900000 
16 0.200000 -0.400000 -0.900000 
17 0.200000 -0.400000 -0.900000 
18 0.200000 -0.400000 -0.900000 
19 0.200000 -0.400000 -0.900000 
20 0.200000 -0.400000 -0.900000 
21 0.300000 -0.400000 -0.900000 
22 0.300000 -0.400000 -0.900000 
23 0.300000 -0.400000 -0.900000 
24 0.300000 -0.500000 -0.900000 
25 0.300000 -0.500000 -0.900000 
26 0.300000 -0.500000 -0.900000 
27 0.300000 -0.500000 -0.900000 
28 0.300000 -0.500000 -0.900000 
29 0.300000 -0.500000 -0.900000 
30 0.400000 -0.500000 -0.900000 
31 0.400000 -0.600000 -0.900000 
32 0.400000 -0.600000 -0.900000 
33 0.400000 -0.600000 -0.900000 
34 0.400000 -0.600000 -0.900000 
35 0.400000 -0.600000 -0.900000 
36 0.400000 -0.600000 -0.900000 
37 0.400000 -0.700000 -0.900000 
38 0.500000 -0.700000 -0.900000 
39 0.500000 -0.700000 -0.900000 
40 0.500000 -0.700000 -0.900000 
41 0.500000 -0.700000 -0.900000 
42 0.500000 -0.700000 -0.900000 
43 0.500000 -0.800000 -0.900000 
44 0.500000 -0.800000 -0.900000 
45 0.500000 -0.800000 -0.900000 
46 0.600000 -0.800000 -0.900000 
47 0.600000 -0.800000 -0.900000 
48 0.600000 -0.800000 -0.900000 
49 0.600000 -0.800000 -0.900000 
50 0.600000 -0.900000 -0.900000 
51 0.600000 -0.900000 -0.900000 
52 0.700000 -0.900000 -0.900000 
53 0.700000 -0.900000 -0.900000 
54 0.700000 -0.900000 -0.900000 
55 0.700000 -0.900000 -0.900000 
56 0.700000 -0.900000 -0.900000 
57 0.700000 -1.000000 -0.900000 
58 0.700000 -1.000000 -0.900000 
59 0.800000 -1.000000 -0.900000 
60 0.800000 -1.000000 -0.900000 
61 0.800000 -1.000000 -0.900000 
62 0.800000 -1.000000 -0.900000 
63 0.800000 -1.000000 -0.900000 
64 0.800000 -1.000000 -0.900000 
65 0.900000 -1.000000 -0.900000 
66 0.900000 -1.000000 -0.900000 
67 0.900000 -1.000000 -0.900000 
68 0.900000 -1.000000 -0.900000 
69 0.900000 -1.000000 -0.900000 
70 1.000000 -1.000000 -0.900000 
71 1.000000 -1.000000 -0.900000 
72 1.000000 -1.000000 -0.900000 
73 1.000000 -1.000000 -0.900000 
74 1.000000 -1.000000 -0.900000 
75 1.000000 -1.000000 -0.900000 
76 1.100000 -1.000000 -0.900000 
77 1.100000 -1.000000 -0.900000 
78 1.100000 -1.000000 -0.900000 
79 1.100000 -1.000000 -0.900000 
80 1.200000 -1.000000 -0.900000 
81 1.200000 -1.000000 -0.900000 
82 1.200000 -1.000000 -0.900000 
83 1.200000 -1.000000 -0.900000 
84 1.200000 -1.000000 -0.900000 
85 1.300000 -1.000000 -0.900000 
86 1.300000 -1.000000 -0.900000 
87 1.300000 -1.000000 -0.900000 
88 1.300000 -1.000000 -0.900000 
89 1.300000 -1.000000 -0.900000 
90 1.400000 -1.000000 -0.900000 
91 1.400000 -1.000000 -0.900000 
92 1.400000 -1.000000 -0.900000 
93 1.400000 -1.000000 -0.900000 
94 1.400000 -1.000000 -0.900000 
95 1.400000 -1.000000 -0.900000 
96 1.400000 -1.000000 -0.900000 
97 1.400000 -1.000000 -0.900000 
98 1.400000 -1.000000 -0.900000 
99 1.400000 -1.000000 -0.900000 
100 1.400000 -1.000000 -0.900000 
101 1.500000 -1.000000 -0.900000 
102 1.400000 -1.000000 -0.900000 
103 1.400000 -1.000000 -0.900000 
104 1.400000 -1.000000 -0.900000 
105 1.400000 -1.000000 -0.900000 
106 1.400000 -1.000000 -0.900000 
107 1.400000 -1.000000 -0.900000 
108 1.500000 -1.000000 -0.900000 
109 1.500000 -1.000000 -0.900000 
110 1.500000 -1.000000 -0.900000 
111 1.500000 -1.000000 -0.900000 
112 1.400000 -1.000000 -0.900000 
113 1.500000 -1.000000 -0.900000 
114 1.500000 -1.000000 -0.900000 
115 1.500000 -1.000000 -0.900000 
116 1.500000 -1.000000 -0.900000 
117 1.500000 -1.000000 -0.900000 
118 1.500000 -1.000000 -0.900000 
119 1.500000 -1.000000 -0.900000 
120 1.500000 -1.000000 -0.900000 
121 1.500000 -1.000000 -0.900000 
122 1.500000 -1.000000 -0.900000 
123 1.500000 -1.000000 -0.900000 
124 1.500000 -1.000000 -0.900000 
125 1.500000 -1.000000 -0.900000 
126 1.500000 -1.000000 -0.900000 
127 1.500000 -1.000000 -0.900000 
128 1.500000 -1.000000 -0.900000 
129 1.500000 -1.000000 -0.900000 
130 1.500000 -1.000000 -0.900000 
131 1.500000 -1.000000 -0.900000 
132 1.500000 -1.000000 -0.900000 
133 1.500000 -1.000000 -0.900000 
134 1.500000 -1.000000 -0.900000 
135 1.500000 -1.000000 -0.900000 
136 1.500000 -1.000000 -0.900000 
137 1.500000 -1.000000 -0.900000 
138 1.500000 -1.000000 -0.900000 
139 1.500000 -1.000000 -0.900000 
140 1.500000 -1.000000 -0.900000 
141 1.500000 -1.000000 -0.900000 
142 1.500000 -1.000000 -0.900000 
143 1.500000 -1.000000 -0.900000 
144 1.500000 -1.000000 -0.900000 
145 1.500000 -1.000000 -0.900000 
146 1.500000 -1.000000 -0.900000 
147 1.500000 -1.000000 -0.900000 
148 1.500000 -1.000000 -0.900000 
149 1.500000 -1.000000 -0.900000 
150 1.500000 -1.000000 -0.900000 
151 1.500000 -1.000000 -0.900000 
152 1.500000 -1.000000 -0.900000 
153 1.500000 -1.000000 -0.900000 
154 1.500000 -1.000000 -0.900000 
155 1.500000 -1.000000 -0.900000 
156 1.500000 -1.000000 -0.900000 
157 1.500000 -1.000000 -0.900000 
158 1.500000 -1.000000 -0.900000 
159 1.500000 -1.000000 -0.900000 
160 1.400000 -1.000000 -0.900000 
161 1.400000 -1.000000 -0.900000 
162 1.400000 -1.000000 -0.900000 
163 1.500000 -1.000000 -0.900000 
164 1.500000 -1.000000 -0.900000 
165 1.500000 -1.000000 -0.900000 
166 1.500000 -1.000000 -0.900000 
167 1.500000 -1.000000 -0.900000 
168 1.400000 -1.000000 -0.900000 
169 1.500000 -1.000000 -0.900000 
170 1.500000 -1.000000 -0.900000 
171 1.500000 -1.000000 -0.900000 
172 1.500000 -1.000000 -0.900000 
173 1.500000 -1.000000 -0.900000 
174 1.400000 -1.000000 -0.900000 
175 1.400000 -1.000000 -0.900000 
176 1.500000 -1.000000 -0.900000 
177 1.500000 -1.000000 -0.900000 
178 1.500000 -1.000000 -0.900000 
179 1.500000 -1.000000 -0.900000 
180 1.500000 -1.000000 -0.900000 
181 1.400000 -1.000000 -0.900000 
182 1.400000 -1.000000 -0.900000 
183 1.500000 -1.000000 -0.900000 
184 1.500000 -1.000000 -0.900000 
185 1.500000 -1.000000 -0.900000 
186 1.500000 -1.000000 -0.900000 
187 1.500000 -1.000000 -0.900000 
188 1.500000 -1.000000 -0.900000 
189 1.500000 -1.000000 -0.900000 
190 1.500000 -1.000000 -0.900000 
191 1.500000 -1.000000 -0.900000 
192 1.500000 -1.000000 -0.900000 
193 1.500000 -1.000000 -0.900000 
194 1.500000 -1.000000 -0.900000 
195 1.400000 -1.000000 -0.900000 
196 1.500000 -1.000000 -0.900000 
197 1.500000 -1.000000 -0.900000 
198 1.500000 -1.000000 -0.900000 
199 1.500000 -1.000000 -0.900000 
200 1.500000 -1.000000 -0.900000 
201 1.500000 -1.000000 -0.900000 
202 1.500000 -1.000000 -0.900000 
203 1.500000 -1.000000 -0.900000 
204 1.500000 -1.000000 -0.900000 
205 1.500000 -1.000000 -0.900000 
206 1.500000 -1.000000 -0.900000 
207 1.500000 -1.000000 -0.900000 
208 1.500000 -1.000000 -0.900000 
209 1.500000 -1.000000 -0.900000 
210 1.500000 -1.000000 -0.900000 
211 1.500000 -1.000000 -0.900000 
212 1.500000 -1.000000 -0.900000 
213 1.500000 -1.000000 -0.900000 
214 1.500000 -1.000000 -0.900000 
215 1.500000 -1.000000 -0.900000 
216 1.500000 -1.000000 -0.900000 
217 1.500000 -1.000000 -0.900000 
218 1.500000 -1.000000 -0.900000 
219 1.500000 -1.000000 -0.900000 
220 1.500000 -1.000000 -0.900000 
221 1.500000 -1.000000 -0.900000 
222 1.500000 -1.000000 -0.900000 
223 1.500000 -1.000000 -0.900000 
224 1.500000 -1.000000 -0.900000 
225 1.500000 -1.000000 -0.900000 
226 1.500000 -1.000000 -0.900000 
227 1.500000 -1.000000 -0.900000 
228 1.500000 -1.000000 -0.900000 
229 1.500000 -1.000000 -0.900000 
230 1.500000 -1.000000 -0.900000 
231 1.500000 -1.000000 -0.900000 
232 1.500000 -1.000000 -0.900000 
233 1.500000 -1.000000 -0.900000 
234 1.500000 -1.000000 -0.900000 
235 1.500000 -1.000000 -0.900000 
236 1.500000 -1.000000 -0.900000 
237 1.500000 -1.000000 -0.900000 
238 1.500000 -1.000000 -0.900000 
239 1.500000 -1.000000 -0.900000 
240 1.500000 -1.000000 -0.900000 
241 1.500000 -1.000000 -0.900000 
242 1.500000 -1.000000 -0.900000 
243 1.500000 -1.000000 -0.900000 
244 1.500000 -1.000000 -0.900000 
245 1.500000 -1.000000 -0.900000 
246 1.500000 -1.000000 -0.900000 
247 1.500000 -1.000000 -0.900000 
248 1.500000 -1.000000 -0.900000 
249 1.500000 -1.000000 -0.900000 
250 1.500000 -1.000000 -0.900000 
251 1.500000 -1.000000 -0.900000 
252 1.500000 -1.000000 -0.900000 
253 1.500000 -1.000000 -0.900000 
254 1.500000 -1.000000 -0.900000 
255 1.500000 -1.000000 -0.900000 
256 1.500000 -1.000000 -0.900000 
257 1.500000 -1.000000 -0.900000 
258 1.500000 -1.000000 -0.900000 
259 1.500000 -1.000000 -0.900000 
260 1.500000 -1.000000 -0.900000 
261 1.500000 -1.000000 -0.900000 
262 1.500000 -1.000000 -0.900000 
263 1.500000 -1.000000 -0.900000 
264 1.500000 -1.000000 -0.900000 
265 1.500000 -1.000000 -0.900000 
266 1.500000 -1.000000 -0.900000 
267 1.500000 -1.000000 -0.900000 
268 1.500000 -1.000000 -0.900000 
269 1.500000 -1.000000 -0.900000 
270 1.500000 -1.000000 -0.900000 
271 1.500000 -1.000000 -0.900000 
272 1.500000 -1.000000 -0.900000 
273 1.500000 -1.000000 -0.900000 
274 1.500000 -1.000000 -0.900000 
275 1.500000 -1.000000 -0.900000 
276 1.500000 -1.000000 -0.900000 
277 1.500000 -1.000000 -0.900000 
278 1.500000 -1.000000 -0.900000 
279 1.500000 -1.000000 -0.900000 
280 1.500000 -1.000000 -0.900000 
281 1.500000 -1.000000 -0.900000 
282 1.500000 -1.000000 -0.900000 
283 1.500000 -1.000000 -0.900000 
284 1.500000 -1.000000 -0.900000 
285 1.500000 -1.000000 -0.900000 
286 1.500000 -1.000000 -0.900000 
287 1.500000 -1.000000 -0.900000 
288 1.500000 -1.000000 -0.900000 
289 1.500000 -1.000000 -0.900000 
290 1.400000 -1.000000 -0.900000 
291 1.400000 -1.000000 -0.900000 
292 1.400000 -1.000000 -0.900000 
293 1.500000 -1.000000 -0.900000 
294 1.500000 -1.000000 -0.900000 
295 1.500000 -1.000000 -0.900000 
296 1.400000 -1.000000 -0.900000 
297 1.400000 -1.000000 -0.900000 
298 1.400000 -1.000000 -0.900000 
299 1.400000 -1.000000 -0.900000 
300 1.400000 -1.000000 -0.900000 
301 1.500000 -1.000000 -0.900000 
302 1.500000 -1.000000 -0.900000 
303 1.400000 -1.000000 -0.900000 
304 1.400000 -1.000000 -0.900000 
305 1.400000 -1.000000 -0.900000 
306 1.400000 -1.000000 -0.900000 
307 1.400000 -1.000000 -0.900000 
308 1.400000 -1.000000 -0.900000 
309 1.400000 -1.000000 -0.900000 
310 1.400000 -1.000000 -0.900000 
311 1.400000 -1.000000 -0.900000 
312 1.400000 -1.000000 -0.900000 
313 1.400000 -1.000000 -0.900000 
314 1.400000 -1.000000 -0.900000 
315 1.400000 -1.000000 -0.900000 
316 1.400000 -1.000000 -0.900000 
317 1.400000 -1.000000 -0.900000 
318 1.400000 -1.000000 -0.900000 
319 1.400000 -1.000000 -0.900000 
320 1.400000 -1.000000 -0.900000 
321 1.400000 -1.000000 -0.900000 
322 1.400000 -1.000000 -0.900000 
323 1.400000 -1.000000 -0.900000 
324 1.400000 -1.000000 -0.900000 
325 1.400000 -1.000000 -0.900000 
326 1.400000 -1.000000 -0.900000 
327 1.400000 -1.000000 -0.900000 
328 1.400000 -1.000000 -0.900000 
329 1.400000 -1.000000 -0.900000 
330 1.400000 -1.000000 -0.900000 
331 1.500000 -1.000000 -0.900000 
332 1.400000 -1.000000 -0.900000 
333 1.400000 -1.000000 -0.900000 
334 1.400000 -1.000000 -0.900000 
335 1.400000 -1.000000 -0.900000 
336 1.400000 -1.000000 -0.900000 
337 1.500000 -1.000000 -0.900000 
338 1.500000 -1.000000 -0.900000 
339 1.500000 -1.000000 -0.900000 
340 1.500000 -1.000000 -0.900000 
341 1.500000 -1.000000 -0.900000 
342 1.500000 -1.000000 -0.900000 
343 1.500000 -1.000000 -0.900000 
344 1.500000 -1.000000 -0.900000 
345 1.500000 -1.000000 -0.900000 
346 1.500000 -1.000000 -0.900000 
347 1.500000 -1.000000 -0.900000 
348 1.500000 -1.000000 -0.900000 
349 1.500000 -1.000000 -0.900000 
350 1.500000 -1.000000 -0.900000 
351 1.500000 -1.000000 -0.900000 
352 1.500000 -1.000000 -0.900000 
353 1.500000 -1.000000 -0.900000 
354 1.500000 -1.000000 -0.900000 
355 1.500000 -1.000000 -0.900000 
356 1.500000 -1.000000 -0.900000 
357 1.500000 -1.000000 -0.900000 
358 1.500000 -1.000000 -0.900000 
359 1.500000 -1.000000 -0.900000 
360 1.500000 -1.000000 -0.900000 
361 1.500000 -1.000000 -0.900000 
362 1.500000 -1.000000 -0.900000 
363 1.500000 -1.000000 -0.900000 
364 1.500000 -1.000000 -0.900000 
365 1.500000 -1.000000 -0.900000 
366 1.500000 -1.000000 -0.900000 
367 1.500000 -1.000000 -0.900000 
368 1.500000 -1.000000 -0.900000 
369 1.500000 -1.000000 -0.900000 
370 1.500000 -1.000000 -0.900000 
371 1.500000 -1.000000 -0.900000 
372 1.500000 -1.000000 -0.900000 
373 1.500000 -1.000000 -0.900000 
374 1.500000 -1.000000 -0.900000 
375 1.500000 -1.000000 -0.900000 
376 1.500000 -1.000000 -0.900000 
377 1.500000 -1.000000 -0.900000 
378 1.500000 -1.000000 -0.900000 
379 1.500000 -1.000000 -0.900000 
380 1.500000 -1.000000 -0.900000 
381 1.500000 -1.000000 -0.900000 
382 1.500000 -1.000000 -0.900000 
383 1.500000 -1.000000 -0.900000 
384 1.500000 -1.000000 -0.900000 
385 1.500000 -1.000000 -0.900000 
386 1.500000 -1.000000 -0.900000 
387 1.500000 -1.000000 -0.900000 
388 1.500000 -1.000000 -0.900000 
389 1.500000 -1.000000 -0.900000 
390 1.500000 -1.000000 -0.900000 
391 1.500000 -1.000000 -0.900000 
392 1.500000 -1.000000 -0.900000 
393 1.500000 -1.000000 -0.900000 
394 1.500000 -1.000000 -0.900000 
395 1.500000 -1.000000 -0.900000 
396 1.500000 -1.000000 -0.900000 
397 1.500000 -1.000000 -0.900000 
398 1.500000 -1.000000 -0.900000 
399 1.500000 -1.000000 -0.900000 
400 1.500000 -1.000000 -0.900000 
401 1.500000 -1.000000 -0.900000 
402 1.500000 -1.000000 -0.900000 
403 1.500000 -1.000000 -0.900000 
404 1.500000 -1.000000 -0.900000 
405 1.500000 -1.000000 -0.900000 
406 1.500000 -1.000000 -0.900000 
407 1.500000 -1.000000 -0.900000 
408 1.500000 -1.000000 -0.900000 
409 1.500000 -1.000000 -0.900000 
410 1.500000 -1.000000 -0.900000 
411 1.500000 -1.000000 -0.900000 
412 1.500000 -1.000000 -0.900000 
413 1.500000 -1.000000 -0.900000 
414 1.500000 -1.000000 -0.900000 
415 1.500000 -1.000000 -0.900000 
416 1.500000 -1.000000 -0.900000 
417 1.500000 -1.000000 -0.900000 
418 1.500000 -1.000000 -0.900000 
419 1.500000 -1.000000 -0.900000 
420 1.500000 -1.000000 -0.900000 
421 1.500000 -1.000000 -0.900000 
422 1.500000 -1.000000 -0.900000 
423 1.500000 -1.000000 -0.900000 
424 1.500000 -1.000000 -0.900000 
425 1.500000 -1.000000 -0.900000 
426 1.500000 -1.000000 -0.900000 
427 1.500000 -1.000000 -0.900000 
428 1.500000 -1.000000 -0.900000 
429 1.500000 -1.000000 -0.900000 
430 1.500000 -1.000000 -0.900000 
431 1.500000 -1.000000 -0.900000 
432 1.500000 -1.000000 -0.900000 
433 1.500000 -1.000000 -0.900000 
434 1.500000 -1.000000 -0.900000 
435 1.500000 -1.000000 -0.900000 
436 1.500000 -1.000000 -0.900000 
437 1.500000 -1.000000 -0.900000 
438 1.500000 -1.000000 -0.900000 
439 1.500000 -1.000000 -0.900000 
440 1.500000 -1.000000 -0.900000 
441 1.500000 -1.000000 -0.900000 
442 1.500000 -1.000000 -0.900000 
443 1.500000 -1.000000 -0.900000 
444 1.500000 -1.000000 -0.900000 
445 1.500000 -1.000000 -0.900000 
446 1.500000 -1.000000 -0.900000 
447 1.500000 -1.000000 -0.900000 
448 1.500000 -1.000000 -0.900000 
449 1.500000 -1.000000 -0.900000 
450 1.500000 -1.000000 -0.900000 
451 1.500000 -1.000000 -0.900000 
452 1.500000 -1.000000 -0.900000 
453 1.500000 -1.000000 -0.900000 
454 1.500000 -1.000000 -0.900000 
455 1.500000 -1.000000 -0.900000 
456 1.500000 -1.000000 -0.900000 
457 1.500000 -1.000000 -0.900000 
458 1.500000 -1.000000 -0.900000 
459 1.500000 -1.000000 -0.900000 
460 1.500000 -1.000000 -0.900000 
461 1.500000 -1.000000 -0.900000 
462 1.500000 -1.000000 -0.900000 
463 1.500000 -1.000000 -0.900000 
464 1.500000 -1.000000 -0.900000 
465 1.500000 -1.000000 -0.900000 
466 1.500000 -1.000000 -0.900000 
467 1.500000 -1.000000 -0.900000 
468 1.500000 -1.000000 -0.900000 
469 1.500000 -1.000000 -0.900000 
470 1.500000 -1.000000 -0.900000 
471 1.500000 -1.000000 -0.900000 
472 1.500000 -1.000000 -0.900000 
473 1.500000 -1.000000 -0.900000 
474 1.500000 -1.000000 -0.900000 
475 1.500000 -1.000000 -0.900000 
476 1.500000 -1.000000 -0.900000 
477 1.500000 -1.000000 -0.900000 
478 1.500000 -1.000000 -0.900000 
479 1.500000 -1.000000 -0.900000 
480 1.500000 -1.000000 -0.900000 
481 1.500000 -1.000000 -0.900000 
482 1.500000 -1.000000 -0.900000 
483 1.500000 -1.000000 -0.900000 
484 1.500000 -1.000000 -0.900000 
485 1.500000 -1.000000 -0.900000 
486 1.500000 -1.000000 -0.900000 
487 1.500000 -1.000000 -0.900000 
488 1.500000 -1.000000 -0.900000 
489 1.500000 -1.000000 -0.900000 
490 1.500000 -1.000000 -0.900000 
491 1.500000 -1.000000 -0.900000 
492 1.500000 -1.000000 -0.900000 
493 1.500000 -1.000000 -0.900000 
494 1.500000 -1.000000 -0.900000 
495 1.500000 -1.000000 -0.900000 
496 1.500000 -1.000000 -0.900000 
497 1.500000 -1.000000 -0.900000 
498 1.500000 -1.000000 -0.900000 
499 1.500000 -1.000000 -0.900000 
500 1.500000 -1.000000 -0.900000 
501 1.500000 -1.000000 -0.900000 
502 1.500000 -1.000000 -0.900000 
503 1.500000 -1.000000 -0.900000 
504 1.500000 -1.000000 -0.900000 
505 1.500000 -1.000000 -0.900000 
506 1.500000 -1.000000 -0.900000 
507 1.500000 -1.000000 -0.900000 
508 1.500000 -1.000000 -0.900000 
509 1.500000 -1.000000 -0.900000 
510 1.500000 -1.000000 -0.900000 
511 1.500000 -1.000000 -0.900000 
512 1.500000 -1.000000 -0.900000 
513 1.500000 -1.000000 -0.900000 
514 1.500000 -1.000000 -0.900000 
515 1.500000 -1.000000 -0.900000 
516 1.500000 -1.000000 -0.900000 
517 1.500000 -1.000000 -0.900000 
518 1.500000 -1.000000 -0.900000 
519 1.500000 -1.000000 -0.900000 
520 1.500000 -1.000000 -0.900000 
521 1.500000 -1.000000 -0.900000 
522 1.500000 -1.000000 -0.900000 
523 1.500000 -1.000000 -0.900000 
524 1.500000 -1.000000 -0.900000 
525 1.500000 -1.000000 -0.900000 
526 1.500000 -1.000000 -0.900000 
527 1.500000 -1.000000 -0.900000 
528 1.500000 -1.000000 -0.900000 
529 1.500000 -1.000000 -0.900000 
530 1.500000 -1.000000 -0.900000 
531 1.500000 -1.000000 -0.900000 
532 1.500000 -1.000000 -0.900000 
533 1.500000 -1.000000 -0.900000 
534 1.500000 -1.000000 -0.900000 
535 1.500000 -1.000000 -0.900000 
536 1.500000 -1.000000 -0.900000 
537 1.500000 -1.000000 -0.900000 
538 1.500000 -1.000000 -0.900000 
539 1.500000 -1.000000 -0.900000 
540 1.400000 -1.000000 -0.900000 
541 1.400000 -1.000000 -0.900000 
542 1.400000 -1.000000 -0.900000 
543 1.400000 -1.000000 -0.900000 
544 1.400000 -1.000000 -0.900000 
545 1.400000 -1.000000 -0.900000 
546 1.400000 -1.000000 -0.900000 
547 1.400000 -1.000000 -0.900000 
548 1.500000 -1.000000 -0.900000 
549 1.400000 -1.000000 -0.900000 
550 1.400000 -1.000000 -0.900000 
551 1.400000 -1.000000 -0.900000 
552 1.400000 -1.000000 -0.900000 
553 1.500000 -1.000000 -0.900000 
554 1.500000 -1.000000 -0.900000 
555 1.400000 -1.000000 -0.900000 
556 1.400000 -1.000000 -0.900000 
557 1.400000 -1.000000 -0.900000 
558 1.400000 -1.000000 -0.900000 
559 1.400000 -1.000000 -0.900000 
560 1.500000 -1.000000 -0.900000 
561 1.500000 -1.000000 -0.900000 
562 1.500000 -1.000000 -0.900000 
563 1.400000 -1.000000 -0.900000 
564 1.400000 -1.000000 -0.900000 
565 1.500000 -1.000000 -0.900000 
566 1.500000 -1.000000 -0.900000 
567 1.500000 -1.000000 -0.900000 
568 1.500000 -1.000000 -0.900000 
569 1.500000 -1.000000 -0.900000 
570 1.500000 -1.000000 -0.900000 
571 1.500000 -1.000000 -0.900000 
572 1.500000 -1.000000 -0.900000 
573 1.500000 -1.000000 -0.900000 
574 1.500000 -1.000000 -0.900000 
575 1.500000 -1.000000 -0.900000 
576 1.500000 -1.000000 -0.900000 
577 1.500000 -1.000000 -0.900000 
578 1.500000 -1.000000 -0.900000 
579 1.500000 -1.000000 -0.900000 
580 1.500000 -1.000000 -0.900000 
581 1.500000 -1.000000 -0.900000 
582 1.500000 -1.000000 -0.900000 
583 1.500000 -1.000000 -0.900000 
584 1.500000 -1.000000 -0.900000 
585 1.500000 -1.000000 -0.900000 
586 1.500000 -1.000000 -0.900000 
587 1.500000 -1.000000 -0.900000 
588 1.500000 -1.000000 -0.900000 
589 1.500000 -1.000000 -0.900000 
590 1.500000 -1.000000 -0.900000 
591 1.500000 -1.000000 -0.900000 
592 1.500000 -1.000000 -0.900000 
593 1.500000 -1.000000 -0.900000 
594 1.500000 -1.000000 -0.900000 
595 1.500000 -1.000000 -0.900000 
596 1.500000 -1.000000 -0.900000 
597 1.500000 -1.000000 -0.900000 
598 1.500000 -1.000000 -0.900000 
599 1.500000 -1.000000 -0.900000 
600 1.500000 -1.000000 -0.900000 
601 1.500000 -1.000000 -0.900000 
602 1.500000 -1.000000 -0.900000 
603 1.500000 -1.000000 -0.900000 
604 1.500000 -1.000000 -0.900000 
605 1.500000 -1.000000 -0.900000 
606 1.500000 -1.000000 -0.900000 
607 1.500000 -1.000000 -0.900000 
608 1.500000 -1.000000 -0.900000 
609 1.500000 -1.000000 -0.900000 
610 1.500000 -1.000000 -0.900000 
611 1.500000 -1.000000 -0.900000 
612 1.500000 -1.000000 -0.900000 
613 1.500000 -1.000000 -0.900000 
614 1.500000 -1.000000 -0.900000 
615 1.500000 -1.000000 -0.900000 
616 1.500000 -1.000000 -0.900000 
617 1.500000 -1.000000 -0.900000 
618 1.500000 -1.000000 -0.900000 
619 1.500000 -1.000000 -0.900000 
620 1.500000 -1.000000 -0.900000 
621 1.500000 -1.000000 -0.900000 
622 1.500000 -1.000000 -0.900000 
623 1.500000 -1.000000 -0.900000 
624 1.500000 -1.000000 -0.900000 
625 1.500000 -1.000000 -0.900000 
626 1.500000 -1.000000 -0.900000 
627 1.500000 -1.000000 -0.900000 
628 1.500000 -1.000000 -0.900000 
629 1.500000 -1.000000 -0.900000 
630 1.500000 -1.000000 -0.900000 
631 1.500000 -1.000000 -0.900000 
632 1.500000 -1.000000 -0.900000 
633 1.500000 -1.000000 -0.900000 
634 1.500000 -1.000000 -0.900000 
635 1.500000 -1.000000 -0.900000 
636 1.500000 -1.000000 -0.900000 
637 1.500000 -1.000000 -0.900000 
638 1.500000 -1.000000 -0.900000 
639 1.500000 -1.000000 -0.900000 
640 1.500000 -1.000000 -0.900000 
641 1.500000 -1.000000 -0.900000 
642 1.500000 -1.000000 -0.900000 
643 1.500000 -1.000000 -0.900000 
644 1.500000 -1.000000 -0.900000 
645 1.500000 -1.000000 -0.900000 
646 1.500000 -1.000000 -0.900000 
647 1.500000 -1.000000 -0.900000 
648 1.500000 -1.000000 -0.900000 
649 1.500000 -1.000000 -0.900000 
650 1.500000 -1.000000 -0.900000 
651 1.500000 -1.000000 -0.900000 
652 1.500000 -1.000000 -0.900000 
653 1.500000 -1.000000 -0.900000 
654 1.500000 -1.000000 -0.900000 
655 1.500000 -1.000000 -0.900000 
656 1.500000 -1.000000 -0.900000 
657 1.500000 -1.000000 -0.900000 
658 1.500000 -1.000000 -0.900000 
659 1.500000 -1.000000 -0.900000 
660 1.500000 -1.000000 -0.900000 
661 1.500000 -1.000000 -0.900000 
662 1.500000 -1.000000 -0.900000 
663 1.500000 -1.000000 -0.900000 
664 1.500000 -1.000000 -0.900000 
665 1.500000 -1.000000 -0.900000 
666 1.500000 -1.000000 -0.900000 
667 1.500000 -1.000000 -0.900000 
668 1.500000 -1.000000 -0.900000 
669 1.500000 -1.000000 -0.900000 
670 1.500000 -1.000000 -0.900000 
671 1.500000 -1.000000 -0.900000 
672 1.500000 -1.000000 -0.900000 
673 1.500000 -1.000000 -0.900000 
674 1.500000 -1.000000 -0.900000 
675 1.500000 -1.000000 -0.900000 
676 1.500000 -1.000000 -0.900000 
677 1.500000 -1.000000 -0.900000 
678 1.500000 -1.000000 -0.900000 
679 1.500000 -1.000000 -0.900000 
680 1.500000 -1.000000 -0.900000 
681 1.500000 -1.000000 -0.900000 
682 1.500000 -1.000000 -0.900000 
683 1.500000 -1.000000 -0.900000 
684 1.500000 -1.000000 -0.900000 
685 1.500000 -1.000000 -0.900000 
686 1.500000 -1.000000 -0.900000 
687 1.500000 -1.000000 -0.900000 
688 1.500000 -1.000000 -0.900000 
689 1.500000 -1.000000 -0.900000 
690 1.500000 -1.000000 -0.900000 
691 1.500000 -1.000000 -0.900000 
692 1.500000 -1.000000 -0.900000 
693 1.500000 -1.000000 -0.900000 
694 1.500000 -1.000000 -0.900000 
695 1.500000 -1.000000 -0.900000 
696 1.500000 -1.000000 -0.900000 
697 1.500000 -1.000000 -0.900000 
698 1.500000 -1.000000 -0.900000 
699 1.500000 -1.000000 -0.900000 
700 1.500000 -1.000000 -0.900000 
701 1.500000 -1.000000 -0.900000 
702 1.500000 -1.000000 -0.900000 
703 1.500000 -1.000000 -0.900000 
704 1.500000 -1.000000 -0.900000 
705 1.500000 -1.000000 -0.900000 
706 1.500000 -1.000000 -0.900000 
707 1.500000 -1.000000 -0.900000 
708 1.500000 -1.000000 -0.900000 
709 1.500000 -1.000000 -0.900000 
710 1.500000 -1.000000 -0.900000 
711 1.500000 -1.000000 -0.900000 
712 1.500000 -1.000000 -0.900000 
713 1.500000 -1.000000 -0.900000 
714 1.500000 -1.000000 -0.900000 
715 1.500000 -1.000000 -0.900000 
716 1.500000 -1.000000 -0.900000 
717 1.500000 -1.000000 -0.900000 
718 1.500000 -1.000000 -0.900000 
719 1.500000 -1.000000 -0.900000 
720 1.500000 -1.000000 -0.900000 
721 1.500000 -1.000000 -0.900000 
722 1.500000 -1.000000 -0.900000 
723 1.500000 -1.000000 -0.900000 
724 1.500000 -1.000000 -0.900000 
725 1.500000 -1.000000 -0.900000 
726 1.500000 -1.000000 -0.900000 
727 1.500000 -1.000000 -0.900000 
728 1.500000 -1.000000 -0.900000 
729 1.500000 -1.000000 -0.900000 
730 1.500000 -1.000000 -0.900000 
731 1.500000 -1.000000 -0.900000 
732 1.500000 -1.000000 -0.900000 
733 1.500000 -1.000000 -0.900000 
734 1.500000 -1.000000 -0.900000 
735 1.500000 -1.000000 -0.900000 
736 1.500000 -1.000000 -0.900000 
737 1.500000 -1.000000 -0.900000 
738 1.500000 -1.000000 -0.900000 
739 1.500000 -1.000000 -0.900000 
740 1.500000 -1.000000 -0.900000 
741 1.500000 -1.000000 -0.900000 
742 1.500000 -1.000000 -0.900000 
743 1.500000 -1.000000 -0.900000 
744 1.500000 -1.000000 -0.900000 
745 1.500000 -1.000000 -0.900000 
746 1.500000 -1.000000 -0.900000 
747 1.500000 -1.000000 -0.900000 
748 1.500000 -1.000000 -0.900000 
749 1.500000 -1.000000 -0.900000 
750 1.500000 -1.000000 -0.900000 
751 1.500000 -1.000000 -0.900000 
752 1.500000 -1.000000 -0.900000 
753 1.500000 -1.000000 -0.900000 
754 1.500000 -1.000000 -0.900000 
755 1.500000 -1.000000 -0.900000 
756 1.500000 -1.000000 -0.900000 
757 1.500000 -1.000000 -0.900000 
758 1.500000 -1.000000 -0.900000 
759 1.500000 -1.000000 -0.900000 
760 1.500000 -1.000000 -0.900000 
761 1.500000 -1.000000 -0.900000 
762 1.500000 -1.000000 -0.900000 
763 1.500000 -1.000000 -0.900000 
764 1.500000 -1.000000 -0.900000 
765 1.500000 -1.000000 -0.900000 
766 1.500000 -1.000000 -0.900000 
767 1.500000 -1.000000 -0.900000 
768 1.500000 -1.000000 -0.900000 
769 1.500000 -1.000000 -0.900000 
770 1.500000 -1.000000 -0.900000 
771 1.500000 -1.000000 -0.900000 
772 1.500000 -1.000000 -0.900000 
773 1.500000 -1.000000 -0.900000 
774 1.500000 -1.000000 -0.900000 
775 1.500000 -1.000000 -0.900000 
776 1.500000 -1.000000 -0.900000 
777 1.500000 -1.000000 -0.900000 
778 1.500000 -1.000000 -0.900000 
779 1.500000 -1.000000 -0.900000 
780 1.500000 -1.000000 -0.900000 
781 1.500000 -1.000000 -0.900000 
782 1.500000 -1.000000 -0.900000 
783 1.500000 -1.000000 -0.900000 
784 1.500000 -1.000000 -0.900000 
785 1.500000 -1.000000 -0.900000 
786 1.500000 -1.000000 -0.900000 
787 1.500000 -1.000000 -0.900000 
788 1.500000 -1.000000 -0.900000 
789 1.500000 -1.000000 -0.900000 
790 1.500000 -1.000000 -0.900000 
791 1.500000 -1.000000 -0.900000 
792 1.500000 -1.000000 -0.900000 
793 1.500000 -1.000000 -0.900000 
794 1.500000 -1.000000 -0.900000 
795 1.500000 -1.000000 -0.900000 
796 1.500000 -1.000000 -0.900000 
797 1.500000 -1.000000 -0.900000 
798 1.500000 -1.000000 -0.900000 
799 1.500000 -1.000000 -0.900000 
800 1.500000 -1.000000 -0.900000 
801 1.500000 -1.000000 -0.900000 
802 1.500000 -1.000000 -0.900000 
803 1.500000 -1.000000 -0.900000 
804 1.500000 -1.000000 -0.900000 
805 1.500000 -1.000000 -0.900000 
806 1.500000 -1.000000 -0.900000 
807 1.500000 -1.000000 -0.900000 
808 1.500000 -1.000000 -0.900000 
809 1.500000 -1.000000 -0.900000 
810 1.500000 -1.000000 -0.900000 
811 1.500000 -1.000000 -0.900000 
812 1.500000 -1.000000 -0.900000 
813 1.500000 -1.000000 -0.900000 
814 1.500000 -1.000000 -0.900000 
815 1.500000 -1.000000 -0.900000 
816 1.500000 -1.000000 -0.900000 
817 1.500000 -1.000000 -0.900000 
818 1.500000 -1.000000 -0.900000 
819 1.500000 -1.000000 -0.900000 
820 1.500000 -1.000000 -0.900000 
821 1.500000 -1.000000 -0.900000 
822 1.500000 -1.000000 -0.900000 
823 1.500000 -1.000000 -0.900000 
824 1.500000 -1.000000 -0.900000 
825 1.500000 -1.000000 -0.900000 
826 1.500000 -1.000000 -0.900000 
827 1.500000 -1.000000 -0.900000 
828 1.500000 -1.000000 -0.900000 
829 1.500000 -1.000000 -0.900000 
830 1.500000 -1.000000 -0.900000 
831 1.500000 -1.000000 -0.900000 
832 1.500000 -1.000000 -0.900000 
833 1.500000 -1.000000 -0.900000 
834 1.500000 -1.000000 -0.900000 
835 1.500000 -1.000000 -0.900000 
836 1.500000 -1.000000 -0.900000 
837 1.500000 -1.000000 -0.900000 
838 1.500000 -1.000000 -0.900000 
839 1.500000 -1.000000 -0.900000 
840 1.500000 -1.000000 -0.900000 
841 1.500000 -1.000000 -0.900000 
842 1.500000 -1.000000 -0.900000 
843 1.500000 -1.000000 -0.900000 
844 1.500000 -1.000000 -0.900000 
845 1.500000 -1.000000 -0.900000 
846 1.500000 -1.000000 -0.900000 
847 1.500000 -1.000000 -0.900000 
848 1.500000 -1.000000 -0.900000 
849 1.500000 -1.000000 -0.900000 
850 1.500000 -1.000000 -0.900000 
851 1.500000 -1.000000 -0.900000 
852 1.500000 -1.000000 -0.900000 
853 1.500000 -1.000000 -0.900000 
854 1.500000 -1.000000 -0.900000 
855 1.500000 -1.000000 -0.900000 
856 1.500000 -1.000000 -0.900000 
857 1.500000 -1.000000 -0.900000 
858 1.500000 -1.000000 -0.900000 
859 1.500000 -1.000000 -0.900000 
860 1.500000 -1.000000 -0.900000 
861 1.500000 -1.000000 -0.900000 
862 1.500000 -1.000000 -0.900000 
863 1.500000 -1.000000 -0.900000 
864 1.500000 -1.000000 -0.900000 
865 1.500000 -1.000000 -0.900000 
866 1.500000 -1.000000 -0.900000 
867 1.500000 -1.000000 -0.900000 
868 1.500000 -1.000000 -0.900000 
869 1.500000 -1.000000 -0.900000 
870 1.500000 -1.000000 -0.900000 
871 1.500000 -1.000000 -0.900000 
872 1.500000 -1.000000 -0.900000 
873 1.500000 -1.000000 -0.900000 
874 1.500000 -1.000000 -0.900000 
875 1.500000 -1.000000 -0.900000 
876 1.500000 -1.000000 -0.900000 
877 1.500000 -1.000000 -0.900000 
878 1.500000 -1.000000 -0.900000 
879 1.500000 -1.000000 -0.900000 
880 1.500000 -1.000000 -0.900000 
881 1.500000 -1.000000 -0.900000 
882 1.500000 -1.000000 -0.900000 
883 1.500000 -1.000000 -0.900000 
884 1.500000 -1.000000 -0.900000 
885 1.500000 -1.000000 -0.900000 
886 1.500000 -1.000000 -0.900000 
887 1.500000 -1.000000 -0.900000 
888 1.500000 -1.000000 -0.900000 
889 1.500000 -1.000000 -0.900000 
890 1.500000 -1.000000 -0.900000 
891 1.500000 -1.000000 -0.900000 
892 1.500000 -1.000000 -0.900000 
893 1.500000 -1.000000 -0.900000 
894 1.500000 -1.000000 -0.900000 
895 1.500000 -1.000000 -0.900000 
896 1.500000 -1.000000 -0.900000 
897 1.500000 -1.000000 -0.900000 
898 1.500000 -1.000000 -0.900000 
899 1.500000 -1.000000 -0.900000 
900 1.500000 -1.000000 -0.900000 
901 1.500000 -1.000000 -0.900000 
902 1.500000 -1.000000 -0.900000 
903 1.500000 -1.000000 -0.900000 
904 1.500000 -1.000000 -0.900000 
905 1.500000 -1.000000 -0.900000 
906 1.500000 -1.000000 -0.900000 
907 1.500000 -1.000000 -0.900000 
908 1.500000 -1.000000 -0.900000 
909 1.500000 -1.000000 -0.900000 
910 1.500000 -1.000000 -0.900000 
911 1.500000 -1.000000 -0.900000 
912 1.500000 -1.000000 -0.900000 
913 1.500000 -1.000000 -0.900000 
914 1.500000 -1.000000 -0.900000 
915 1.500000 -1.000000 -0.900000 
916 1.500000 -1.000000 -0.900000 
917 1.500000 -1.000000 -0.900000 
918 1.500000 -1.000000 -0.900000 
919 1.500000 -1.000000 -0.900000 
920 1.500000 -1.000000 -0.900000 
921 1.500000 -1.000000 -0.900000 
922 1.500000 -1.000000 -0.900000 
923 1.500000 -1.000000 -0.900000 
924 1.500000 -1.000000 -0.900000 
925 1.500000 -1.000000 -0.900000 
926 1.500000 -1.000000 -0.900000 
927 1.500000 -1.000000 -0.900000 
928 1.500000 -1.000000 -0.900000 
929 1.500000 -1.000000 -0.900000 
930 1.500000 -1.000000 -0.900000 
931 1.500000 -1.000000 -0.900000 
932 1.500000 -1.000000 -0.900000 
933 1.500000 -1.000000 -0.900000 
934 1.500000 -1.000000 -0.900000 
935 1.500000 -1.000000 -0.900000 
936 1.500000 -1.000000 -0.900000 
937 1.500000 -1.000000 -0.900000 
938 1.500000 -1.000000 -0.900000 
939 1.500000 -1.000000 -0.900000 
940 1.500000 -1.000000 -0.900000 
941 1.500000 -1.000000 -0.900000 
942 1.500000 -1.000000 -0.900000 
943 1.500000 -1.000000 -0.900000 
944 1.500000 -1.000000 -0.900000 
945 1.500000 -1.000000 -0.900000 
946 1.500000 -1.000000 -0.900000 
947 1.500000 -1.000000 -0.900000 
948 1.500000 -1.000000 -0.900000 
949 1.500000 -1.000000 -0.900000 
950 1.500000 -1.000000 -0.900000 
951 1.500000 -1.000000 -0.900000 
952 1.500000 -1.000000 -0.900000 
953 1.500000 -1.000000 -0.900000 
954 1.500000 -1.000000 -0.900000 
955 1.500000 -1.000000 -0.900000 
956 1.500000 -1.000000 -0.900000 
957 1.500000 -1.000000 -0.900000 
958 1.500000 -1.000000 -0.900000 
959 1.500000 -1.000000 -0.900000 
960 1.500000 -1.000000 -0.900000 
961 1.500000 -1.000000 -0.900000 
962 1.500000 -1.000000 -0.900000 
963 1.500000 -1.000000 -0.900000 
964 1.500000 -1.000000 -0.900000 
965 1.500000 -1.000000 -0.900000 
966 1.500000 -1.000000 -0.900000 
967 1.500000 -1.000000 -0.900000 
968 1.500000 -1.000000 -0.900000 
969 1.500000 -1.000000 -0.900000 
970 1.500000 -1.000000 -0.900000 
971 1.500000 -1.000000 -0.900000 
972 1.500000 -1.000000 -0.900000 
973 1.500000 -1.000000 -0.900000 
974 1.500000 -1.000000 -0.900000 
975 1.500000 -1.000000 -0.900000 
976 1.500000 -1.000000 -0.900000 
977 1.500000 -1.000000 -0.900000 
978 1.500000 -1.000000 -0.900000 
979 1.500000 -1.000000 -0.900000 
980 1.500000 -1.000000 -0.900000 
981 1.500000 -1.000000 -0.900000 
982 1.500000 -1.000000 -0.900000 
983 1.500000 -1.000000 -0.900000 
984 1.500000 -1.000000 -0.900000 
985 1.500000 -1.000000 -0.900000 
986 1.500000 -1.000000 -0.900000 
987 1.500000 -1.000000 -0.900000 
988 1.500000 -1.000000 -0.900000 
989 1.500000 -1.000000 -0.900000 
990 1.500000 -1.000000 -0.900000 
991 1.500000 -1.000000 -0.900000 
992 1.500000 -1.000000 -0.900000 
993 1.500000 -1.000000 -0.900000 
994 1.500000 -1.000000 -0.900000 
995 1.500000 -1.000000 -0.900000 
996 1.500000 -1.000000 -0.900000 
997 1.500000 -1.000000 -0.900000 
998 1.500000 -1.000000 -0.900000 
999 1.500000 -1.000000 -0.900000 
1000 1.500000 -1.000000 -0.900000 
1001 1.500000 -1.000000 -0.900000 
1002 1.500000 -1.000000 -0.900000 
1003 1.500000 -1.000000 -0.900000 
1004 1.500000 -1.000000 -0.900000 
1005 1.500000 -1.000000 -0.900000 
1006 1.500000 -1.000000 -0.900000 
1007 1.500000 -1.000000 -0.900000 
1008 1.500000 -1.000000 -0.900000 
1009 1.500000 -1.000000 -0.900000 
1010 1.500000 -1.000000 -0.900000 
1011 1.500000 -1.000000 -0.900000 
1012 1.500000 -1.000000 -0.900000 
1013 1.500000 -1.000000 -0.900000 
1014 1.500000 -1.000000 -0.900000 
1015 1.500000 -1.000000 -0.900000 
1016 1.500000 -1.000000 -0.900000 
1017 1.500000 -1.000000 -0.900000 
1018 1.500000 -1.000000 -0.900000 
1019 1.500000 -1.000000 -0.900000 
1020 1.500000 -1.000000 -0.900000 
1021 1.500000 -1.000000 -0.900000 
1022 1.500000 -1.000000 -0.900000 
1023 1.500000 -1.000000 -0.900000 
1024 1.500000 -1.000000 -0.900000 
1025 1.500000 -1.000000 -0.900000 
1026 1.500000 -1.000000 -0.900000 
1027 1.500000 -1.000000 -0.900000 
1028 1.500000 -1.000000 -0.900000 
1029 1.500000 -1.000000 -0.900000 
1030 1.500000 -1.000000 -0.900000 
1031 1.500000 -1.000000 -0.900000 
1032 1.500000 -1.000000 -0.900000 
1033 1.500000 -1.000000 -0.900000 
1034 1.500000 -1.000000 -0.900000 
1035 1.500000 -1.000000 -0.900000 
1036 1.500000 -1.000000 -0.900000 
1037 1.500000 -1.000000 -0.900000 
1038 1.500000 -1.000000 -0.900000 
1039 1.500000 -1.000000 -0.900000 
1040 1.500000 -1.000000 -0.900000 
1041 1.500000 -1.000000 -0.900000 
1042 1.500000 -1.000000 -0.900000 
1043 1.500000 -1.000000 -0.900000 
1044 1.500000 -1.000000 -0.900000 
1045 1.500000 -1.000000 -0.900000 
1046 1.500000 -1.000000 -0.900000 
1047 1.500000 -1.000000 -0.900000 
1048 1.500000 -1.000000 -0.900000 
1049 1.500000 -1.000000 -0.900000 
1050 1.500000 -1.000000 -0.900000 
1051 1.500000 -1.000000 -0.900000 
1052 1.500000 -1.000000 -0.900000 
1053 1.500000 -1.000000 -0.900000 
1054 1.500000 -1.000000 -0.900000 
1055 1.500000 -1.000000 -0.900000 
1056 1.500000 -1.000000 -0.900000 
1057 1.500000 -1.000000 -0.900000 
1058 1.500000 -1.000000 -0.900000 
1059 1.500000 -1.000000 -0.900000 
1060 1.500000 -1.000000 -0.900000 
1061 1.500000 -1.000000 -0.900000 
1062 1.500000 -1.000000 -0.900000 
1063 1.500000 -1.000000 -0.900000 
1064 1.500000 -1.000000 -0.900000 
1065 1.500000 -1.000000 -0.900000 
1066 1.500000 -1.000000 -0.900000 
1067 1.500000 -1.000000 -0.900000 
1068 1.500000 -1.000000 -0.900000 
1069 1.500000 -1.000000 -0.900000 
1070 1.500000 -1.000000 -0.900000 
1071 1.500000 -1.000000 -0.900000 
1072 1.500000 -1.000000 -0.900000 
1073 1.500000 -1.000000 -0.900000 
1074 1.500000 -1.000000 -0.900000 
1075 1.500000 -1.000000 -0.900000 
1076 1.500000 -1.000000 -0.900000 
1077 1.500000 -1.000000 -0.900000 
1078 1.500000 -1.000000 -0.900000 
1079 1.500000 -1.000000 -0.900000 
1080 1.500000 -1.000000 -0.900000 
1081 1.500000 -1.000000 -0.900000 
1082 1.500000 -1.000000 -0.900000 
1083 1.500000 -1.000000 -0.900000 
1084 1.500000 -1.000000 -0.900000 
1085 1.500000 -1.000000 -0.900000 
1086 1.500000 -1.000000 -0.900000 
1087 1.500000 -1.000000 -0.900000 
1088 1.500000 -1.000000 -0.900000 
1089 1.500000 -1.000000 -0.900000 
1090 1.500000 -1.000000 -0.900000 
1091 1.500000 -1.000000 -0.900000 
1092 1.500000 -1.000000 -0.900000 
1093 1.500000 -1.000000 -0.900000 
1094 1.500000 -1.000000 -0.900000 
1095 1.500000 -1.000000 -0.900000 
1096 1.500000 -1.000000 -0.900000 
1097 1.500000 -1.000000 -0.900000 
1098 1.500000 -1.000000 -0.900000 
1099 1.500000 -1.000000 -0.900000 
1100 1.500000 -1.000000 -0.900000 
1101 1.500000 -1.000000 -0.900000 
1102 1.500000 -1.000000 -0.900000 
1103 1.500000 -1.000000 -0.900000 
1104 1.500000 -1.000000 -0.900000 
1105 1.500000 -1.000000 -0.900000 
1106 1.500000 -1.000000 -0.900000 
1107 1.500000 -1.000000 -0.900000 
1108 1.500000 -1.000000 -0.900000 
1109 1.500000 -1.000000 -0.900000 
1110 1.500000 -1.000000 -0.900000 
1111 1.500000 -1.000000 -0.900000 
1112 1.500000 -1.000000 -0.900000 
1113 1.500000 -1.000000 -0.900000 
1114 1.500000 -1.000000 -0.900000 
1115 1.500000 -1.000000 -0.900000 
1116 1.500000 -1.000000 -0.900000 
1117 1.500000 -1.000000 -0.900000 
1118 1.500000 -1.000000 -0.900000 
1119 1.500000 -1.000000 -0.900000 
1120 1.500000 -1.000000 -0.900000 
1121 1.500000 -1.000000 -0.900000 
1122 1.500000 -1.000000 -0.900000 
1123 1.500000 -1.000000 -0.900000 
1124 1.500000 -1.000000 -0.900000 
1125 1.500000 -1.000000 -0.900000 
1126 1.500000 -1.000000 -0.900000 
1127 1.500000 -1.000000 -0.900000 
1128 1.500000 -1.000000 -0.900000 
1129 1.500000 -1.000000 -0.900000 
1130 1.500000 -1.000000 -0.900000 
1131 1.500000 -1.000000 -0.900000 
1132 1.500000 -1.000000 -0.900000 
1133 1.500000 -1.000000 -0.900000 
1134 1.500000 -1.000000 -0.900000 
1135 1.500000 -1.000000 -0.900000 
1136 1.500000 -1.000000 -0.900000 
1137 1.500000 -1.000000 -0.900000 
1138 1.500000 -1.000000 -0.900000 
1139 1.500000 -1.000000 -0.900000 
1140 1.500000 -1.000000 -0.900000 
1141 1.500000 -1.000000 -0.900000 
1142 1.500000 -1.000000 -0.900000 
1143 1.500000 -1.000000 -0.900000 
1144 1.500000 -1.000000 -0.900000 
1145 1.500000 -1.000000 -0.900000 
1146 1.500000 -1.000000 -0.900000 
1147 1.500000 -1.000000 -0.900000 
1148 1.500000 -1.000000 -0.900000 
1149 1.500000 -1.000000 -0.900000 
1150 1.500000 -1.000000 -0.900000 
1151 1.500000 -1.000000 -0.900000 
1152 1.500000 -1.000000 -0.900000 
1153 1.500000 -1.000000 -0.900000 
1154 1.500000 -1.000000 -0.900000 
1155 1.500000 -1.000000 -0.900000 
1156 1.500000 -1.000000 -0.900000 
1157 1.500000 -1.000000 -0.900000 
1158 1.500000 -1.000000 -0.900000 
1159 1.500000 -1.000000 -0.900000 
1160 1.500000 -1.000000 -0.900000 
1161 1.500000 -1.000000 -0.900000 
1162 1.500000 -1.000000 -0.900000 
1163 1.500000 -1.000000 -0.900000 
1164 1.500000 -1.000000 -0.900000 
1165 1.500000 -1.000000 -0.900000 
1166 1.500000 -1.000000 -0.900000 
1167 1.500000 -1.000000 -0.900000 
1168 1.500000 -1.000000 -0.900000 
1169 1.500000 -1.000000 -0.900000 
1170 1.500000 -1.000000 -0.900000 
1171 1.500000 -1.000000 -0.900000 
1172 1.500000 -1.000000 -0.900000 
1173 1.500000 -1.000000 -0.900000 
1174 1.500000 -1.000000 -0.900000 
1175 1.500000 -1.000000 -0.900000 
1176 1.500000 -1.000000 -0.900000 
1177 1.500000 -1.000000 -0.900000 
1178 1.500000 -1.000000 -0.900000 
1179 1.500000 -1.000000 -0.900000 
1180 1.500000 -1.000000 -0.900000 
1181 1.500000 -1.000000 -0.900000 
1182 1.500000 -1.000000 -0.900000 
1183 1.500000 -1.000000 -0.900000 
1184 1.500000 -1.000000 -0.900000 
1185 1.500000 -1.000000 -0.900000 
1186 1.500000 -1.000000 -0.900000 
1187 1.500000 -1.000000 -0.900000 
1188 1.500000 -1.000000 -0.900000 
1189 1.500000 -1.000000 -0.900000 
1190 1.500000 -1.000000 -0.900000 
1191 1.500000 -1.000000 -0.900000 
1192 1.500000 -1.000000 -0.900000 
1193 1.500000 -1.000000 -0.900000 
1194 1.500000 -1.000000 -0.900000 
1195 1.500000 -1.000000 -0.900000 
1196 1.500000 -1.000000 -0.900000 
1197 1.500000 -1.000000 -0.900000 
1198 1.500000 -1.000000 -0.900000 
1199 1.500000 -1.000000 -0.900000 
1200 1.500000 -1.000000 -0.900000 
1201 1.500000 -1.000000 -0.900000 
1202 1.500000 -1.000000 -0.900000 
1203 1.500000 -1.000000 -0.900000 
1204 1.500000 -1.000000 -0.900000 
1205 1.500000 -1.000000 -0.900000 
1206 1.500000 -1.000000 -0.900000 
1207 1.500000 -1.000000 -0.900000 
1208 1.500000 -1.000000 -0.900000 
1209 1.500000 -1.000000 -0.900000 
1210 1.500000 -1.000000 -0.900000 
1211 1.500000 -1.000000 -0.900000 
1212 1.500000 -1.000000 -0.900000 
1213 1.500000 -1.000000 -0.900000 
1214 1.500000 -1.000000 -0.900000 
1215 1.500000 -1.000000 -0.900000 
1216 1.500000 -1.000000 -0.900000 
1217 1.500000 -1.000000 -0.900000 
1218 1.500000 -1.000000 -0.900000 
1219 1.500000 -1.000000 -0.900000 
1220 1.500000 -1.000000 -0.900000 
1221 1.500000 -1.000000 -0.900000 
1222 1.500000 -1.000000 -0.900000 
1223 1.500000 -1.000000 -0.900000 
1224 1.500000 -1.000000 -0.900000 
1225 1.500000 -1.000000 -0.900000 
1226 1.500000 -1.000000 -0.900000 
1227 1.500000 -1.000000 -0.900000 
1228 1.500000 -1.000000 -0.900000 
1229 1.500000 -1.000000 -0.900000 
1230 1.500000 -1.000000 -0.900000 
1231 1.500000 -1.000000 -0.900000 
1232 1.500000 -1.000000 -0.900000 
1233 1.500000 -1.000000 -0.900000 
1234 1.500000 -1.000000 -0.900000 
1235 1.500000 -1.000000 -0.900000 
1236 1.500000 -1.000000 -0.900000 
1237 1.500000 -1.000000 -0.900000 
1238 1.500000 -1.000000 -0.900000 
1239 1.500000 -1.000000 -0.900000 
1240 1.500000 -1.000000 -0.900000 
1241 1.500000 -1.000000 -0.900000 
1242 1.500000 -1.000000 -0.900000 
1243 1.500000 -1.000000 -0.900000 
1244 1.500000 -1.000000 -0.900000 
1245 1.500000 -1.000000 -0.900000 
1246 1.500000 -1.000000 -0.900000 
1247 1.500000 -1.000000 -0.900000 
1248 1.500000 -1.000000 -0.900000 
1249 1.500000 -1.000000 -0.900000 
1250 1.500000 -1.000000 -0.900000 
1251 1.500000 -1.000000 -0.900000 
1252 1.500000 -1.000000 -0.900000 
1253 1.500000 -1.000000 -0.900000 
1254 1.500000 -1.000000 -0.900000 
1255 1.500000 -1.000000 -0.900000 
1256 1.500000 -1.000000 -0.900000 
1257 1.500000 -1.000000 -0.900000 
1258 1.500000 -1.000000 -0.900000 
1259 1.500000 -1.000000 -0.900000 
1260 1.500000 -1.000000 -0.900000 
1261 1.500000 -1.000000 -0.900000 
1262 1.500000 -1.000000 -0.900000 
1263 1.500000 -1.000000 -0.900000 
1264 1.500000 -1.000000 -0.900000 
1265 1.500000 -1.000000 -0.900000 
1266 1.500000 -1.000000 -0.900000 
1267 1.500000 -1.000000 -0.900000 
1268 1.500000 -1.000000 -0.900000 
1269 1.500000 -1.000000 -0.900000 
1270 1.500000 -1.000000 -0.900000 
1271 1.500000 -1.000000 -0.900000 
1272 1.500000 -1.000000 -0.900000 
1273 1.500000 -1.000000 -0.900000 
1274 1.500000 -1.000000 -0.900000 
1275 1.500000 -1.000000 -0.900000 
1276 1.500000 -1.000000 -0.900000 
1277 1.500000 -1.000000 -0.900000 
1278 1.500000 -1.000000 -0.900000 
1279 1.500000 -1.000000 -0.900000 
1280 1.500000 -1.000000 -0.900000 
1281 1.500000 -1.000000 -0.900000 
1282 1.500000 -1.000000 -0.900000 
1283 1.500000 -1.000000 -0.900000 
1284 1.500000 -1.000000 -0.900000 
1285 1.500000 -1.000000 -0.900000 
1286 1.500000 -1.000000 -0.900000 
1287 1.500000 -1.000000 -0.900000 
1288 1.500000 -1.000000 -0.900000 
1289 1.500000 -1.000000 -0.900000 
1290 1.500000 -1.000000 -0.900000 
1291 1.500000 -1.000000 -0.900000 
1292 1.500000 -1.000000 -0.900000 
1293 1.500000 -1.000000 -0.900000 
1294 1.500000 -1.000000 -0.900000 
1295 1.500000 -1.000000 -0.900000 
1296 1.500000 -1.000000 -0.900000 
1297 1.500000 -1.000000 -0.900000 
1298 1.500000 -1.000000 -0.900000 
1299 1.500000 -1.000000 -0.900000 
1300 1.500000 -1.000000 -0.900000 
1301 1.500000 -1.000000 -0.900000 
1302 1.500000 -1.000000 -0.900000 
1303 1.500000 -1.000000 -0.900000 
1304 1.500000 -1.000000 -0.900000 
1305 1.500000 -1.000000 -0.900000 
1306 1.500000 -1.000000 -0.900000 
1307 1.500000 -1.000000 -0.900000 
1308 1.500000 -1.000000 -0.900000 
1309 1.500000 -1.000000 -0.900000 
1310 1.500000 -1.000000 -0.900000 
1311 1.500000 -1.000000 -0.900000 
1312 1.500000 -1.000000 -0.900000 
1313 1.500000 -1.000000 -0.900000 
1314 1.500000 -1.000000 -0.900000 
1315 1.500000 -1.000000 -0.900000 
1316 1.500000 -1.000000 -0.900000 
1317 1.500000 -1.000000 -0.900000 
1318 1.500000 -1.000000 -0.900000 
1319 1.500000 -1.000000 -0.900000 
1320 1.500000 -1.000000 -0.900000 
1321 1.500000 -1.000000 -0.900000 
1322 1.500000 -1.000000 -0.900000 
1323 1.500000 -1.000000 -0.900000 
1324 1.500000 -1.000000 -0.900000 
1325 1.500000 -1.000000 -0.900000 
1326 1.500000 -1.000000 -0.900000 
1327 1.500000 -1.000000 -0.900000 
1328 1.500000 -1.000000 -0.900000 
1329 1.500000 -1.000000 -0.900000 
1330 1.500000 -1.000000 -0.900000 
1331 1.500000 -1.000000 -0.900000 
1332 1.500000 -1.000000 -0.900000 
1333 1.500000 -1.000000 -0.900000 
1334 1.500000 -1.000000 -0.900000 
1335 1.500000 -1.000000 -0.900000 
1336 1.500000 -1.000000 -0.900000 
1337 1.500000 -1.000000 -0.900000 
1338 1.500000 -1.000000 -0.900000 
1339 1.500000 -1.000000 -0.900000 
1340 1.500000 -1.000000 -0.900000 
1341 1.500000 -1.000000 -0.900000 
1342 1.500000 -1.000000 -0.900000 
1343 1.500000 -1.000000 -0.900000 
1344 1.500000 -1.000000 -0.900000 
1345 1.500000 -1.000000 -0.900000 
1346 1.500000 -1.000000 -0.900000 
1347 1.500000 -1.000000 -0.900000 
1348 1.500000 -1.000000 -0.900000 
1349 1.500000 -1.000000 -0.900000 
1350 1.500000 -1.000000 -0.900000 
1351 1.500000 -1.000000 -0.900000 
1352 1.500000 -1.000000 -0.900000 
1353 1.500000 -1.000000 -0.900000 
1354 1.500000 -1.000000 -0.900000 
1355 1.500000 -1.000000 -0.900000 
1356 1.500000 -1.000000 -0.900000 
1357 1.500000 -1.000000 -0.900000 
1358 1.500000 -1.000000 -0.900000 
1359 1.500000 -1.000000 -0.900000 
1360 1.500000 -1.000000 -0.900000 
1361 1.500000 -1.000000 -0.900000 
1362 1.500000 -1.000000 -0.900000 
1363 1.500000 -1.000000 -0.900000 
1364 1.500000 -1.000000 -0.900000 
1365 1.500000 -1.000000 -0.900000 
1366 1.500000 -1.000000 -0.900000 
1367 1.500000 -1.000000 -0.900000 
1368 1.500000 -1.000000 -0.900000 
1369 1.500000 -1.000000 -0.900000 
1370 1.500000 -1.000000 -0.900000 
1371 1.500000 -1.000000 -0.900000 
1372 1.500000 -1.000000 -0.900000 
1373 1.500000 -1.000000 -0.900000 
1374 1.500000 -1.000000 -0.900000 
1375 1.500000 -1.000000 -0.900000 
1376 1.500000 -1.000000 -0.900000 
1377 1.500000 -1.000000 -0.900000 
1378 1.500000 -1.000000 -0.900000 
1379 1.500000 -1.000000 -0.900000 
1380 1.500000 -1.000000 -0.900000 
1381 1.500000 -1.000000 -0.900000 
1382 1.500000 -1.000000 -0.900000 
1383 1.500000 -1.000000 -0.900000 
1384 1.500000 -1.000000 -0.900000 
1385 1.500000 -1.000000 -0.900000 
1386 1.500000 -1.000000 -0.900000 
1387 1.500000 -1.000000 -0.900000 
1388 1.500000 -1.000000 -0.900000 
1389 1.500000 -1.000000 -0.900000 
1390 1.500000 -1.000000 -0.900000 
1391 1.500000 -1.000000 -0.900000 
1392 1.500000 -1.000000 -0.900000 
1393 1.500000 -1.000000 -0.900000 
1394 1.500000 -1.000000 -0.900000 
1395 1.500000 -1.000000 -0.900000 
1396 1.500000 -1.000000 -0.900000 
1397 1.500000 -1.000000 -0.900000 
1398 1.500000 -1.000000 -0.900000 
1399 1.500000 -1.000000 -0.900000 
1400 1.500000 -1.000000 -0.900000 
1401 1.500000 -1.000000 -0.900000 
1402 1.500000 -1.000000 -0.900000 
1403 1.500000 -1.000000 -0.900000 
1404 1.500000 -1.000000 -0.900000 
1405 1.500000 -1.000000 -0.900000 
1406 1.500000 -1.000000 -0.900000 
1407 1.500000 -1.000000 -0.900000 
1408 1.500000 -1.000000 -0.900000 
1409 1.500000 -1.000000 -0.900000 
1410 1.500000 -1.000000 -0.900000 
1411 1.500000 -1.000000 -0.900000 
1412 1.500000 -1.000000 -0.900000 
1413 1.500000 -1.000000 -0.900000 
1414 1.500000 -1.000000 -0.900000 
1415 1.500000 -1.000000 -0.900000 
1416 1.500000 -1.000000 -0.900000 
1417 1.500000 -1.000000 -0.900000 
1418 1.500000 -1.000000 -0.900000 
1419 1.500000 -1.000000 -0.900000 
1420 1.500000 -1.000000 -0.900000 
1421 1.500000 -1.000000 -0.900000 
1422 1.500000 -1.000000 -0.900000 
1423 1.500000 -1.000000 -0.900000 
1424 1.500000 -1.000000 -0.900000 
1425 1.500000 -1.000000 -0.900000 
1426 1.500000 -1.000000 -0.900000 
1427 1.500000 -1.000000 -0.900000 
1428 1.500000 -1.000000 -0.900000 
1429 1.500000 -1.000000 -0.900000 
1430 1.500000 -1.000000 -0.900000 
1431 1.500000 -1.000000 -0.900000 
1432 1.500000 -1.000000 -0.900000 
1433 1.500000 -1.000000 -0.900000 
1434 1.500000 -1.000000 -0.900000 
1435 1.500000 -1.000000 -0.900000 
1436 1.500000 -1.000000 -0.900000 
1437 1.500000 -1.000000 -0.900000 
1438 1.500000 -1.000000 -0.900000 
1439 1.500000 -1.000000 -0.900000 
1440 1.500000 -1.000000 -0.900000 
1441 1.500000 -1.000000 -0.900000 
1442 1.500000 -1.000000 -0.900000 
1443 1.500000 -1.000000 -0.900000 
1444 1.500000 -1.000000 -0.900000 
1445 1.500000 -1.000000 -0.900000 
1446 1.500000 -1.000000 -0.900000 
1447 1.500000 -1.000000 -0.900000 
1448 1.500000 -1.000000 -0.900000 
1449 1.500000 -1.000000 -0.900000 
1450 1.500000 -1.000000 -0.900000 
1451 1.500000 -1.000000 -0.900000 
1452 1.500000 -1.000000 -0.900000 
1453 1.500000 -1.000000 -0.900000 
1454 1.500000 -1.000000 -0.900000 
1455 1.500000 -1.000000 -0.900000 
1456 1.500000 -1.000000 -0.900000 
1457 1.500000 -1.000000 -0.900000 
1458 1.500000 -1.000000 -0.900000 
1459 1.500000 -1.000000 -0.900000 
1460 1.500000 -1.000000 -0.900000 
1461 1.500000 -1.000000 -0.900000 
1462 1.500000 -1.000000 -0.900000 
1463 1.500000 -1.000000 -0.900000 
1464 1.500000 -1.000000 -0.900000 
1465 1.500000 -1.000000 -0.900000 
1466 1.500000 -1.000000 -0.900000 
1467 1.500000 -1.000000 -0.900000 
1468 1.500000 -1.000000 -0.900000 
1469 1.500000 -1.000000 -0.900000 
1470 1.500000 -1.000000 -0.900000 
1471 1.500000 -1.000000 -0.900000 
1472 1.500000 -1.000000 -0.900000 
1473 1.500000 -1.000000 -0.900000 
1474 1.500000 -1.000000 -0.900000 
1475 1.500000 -1.000000 -0.900000 
1476 1.500000 -1.000000 -0.900000 
1477 1.500000 -1.000000 -0.900000 
1478 1.500000 -1.000000 -0.900000 
1479 1.500000 -1.000000 -0.900000 
1480 1.500000 -1.000000 -0.900000 
1481 1.500000 -1.000000 -0.900000 
1482 1.500000 -1.000000 -0.900000 
1483 1.500000 -1.000000 -0.900000 
1484 1.500000 -1.000000 -0.900000 
1485 1.500000 -1.000000 -0.900000 
1486 1.500000 -1.000000 -1.000000 
1487 1.500000 -1.000000 -1.000000 
1488 1.500000 -1.000000 -1.000000 
1489 1.500000 -1.000000 -0.900000 
1490 1.500000 -1.000000 -0.900000 
1491 1.500000 -1.000000 -0.900000 
1492 1.500000 -1.000000 -0.900000 
1493 1.500000 -1.000000 -0.900000 
1494 1.500000 -1.000000 -0.900000 
1495 1.500000 -1.000000 -0.900000 
1496 1.500000 -1.000000 -0.900000 
1497 1.500000 -1.000000 -0.900000 
1498 1.500000 -1.000000 -0.900000 
1499 1.500000 -1.000000 -0.900000 
1500 1.500000 -1.000000 -0.900000 
1501 1.500000 -1.000000 -0.900000 
1502 1.500000 -1.000000 -0.900000 
1503 1.500000 -1.000000 -0.900000 
1504 1.500000 -1.000000 -0.900000 
1505 1.500000 -1.000000 -0.900000 
1506 1.500000 -1.000000 -0.900000 
1507 1.500000 -1.000000 -0.900000 
1508 1.500000 -1.000000 -0.900000 
1509 1.500000 -1.000000 -0.900000 
1510 1.500000 -1.000000 -0.900000 
1511 1.500000 -1.000000 -0.900000 
1512 1.500000 -1.000000 -0.900000 
1513 1.500000 -1.000000 -0.900000 
1514 1.500000 -1.000000 -0.900000 
1515 1.500000 -1.000000 -0.900000 
1516 1.500000 -1.000000 -0.900000 
1517 1.500000 -1.000000 -0.900000 
1518 1.500000 -1.000000 -0.900000 
1519 1.500000 -1.000000 -0.900000 
1520 1.500000 -1.000000 -0.900000 
1521 1.500000 -1.000000 -0.900000 
1522 1.500000 -1.000000 -0.900000 
1523 1.500000 -1.000000 -0.900000 
1524 1.500000 -1.000000 -0.900000 
1525 1.500000 -1.000000 -0.900000 
1526 1.500000 -1.000000 -0.900000 
1527 1.500000 -1.000000 -0.900000 
1528 1.500000 -1.000000 -0.900000 
1529 1.500000 -1.000000 -0.900000 
1530 1.500000 -1.000000 -0.900000 
1531 1.500000 -1.000000 -0.900000 
1532 1.500000 -1.000000 -0.900000 
1533 1.500000 -1.000000 -0.900000 
1534 1.500000 -1.000000 -0.900000 
1535 1.500000 -1.000000 -0.900000 
1536 1.500000 -1.000000 -0.900000 
1537 1.500000 -1.000000 -0.900000 
1538 1.500000 -1.000000 -0.900000 
1539 1.500000 -1.000000 -0.900000 
1540 1.500000 -1.000000 -0.900000 
1541 1.500000 -1.000000 -0.900000 
1542 1.500000 -1.000000 -0.900000 
1543 1.500000 -1.000000 -0.900000 
1544 1.500000 -1.000000 -0.900000 
1545 1.500000 -1.000000 -0.900000 
1546 1.500000 -1.000000 -0.900000 
1547 1.500000 -1.000000 -0.900000 
1548 1.500000 -1.000000 -0.900000 
1549 1.500000 -1.000000 -0.900000 
1550 1.500000 -1.000000 -0.900000 
1551 1.500000 -1.000000 -0.900000 
1552 1.500000 -1.000000 -0.900000 
1553 1.500000 -1.000000 -0.900000 
1554 1.500000 -1.000000 -0.900000 
1555 1.500000 -1.000000 -0.900000 
1556 1.500000 -1.000000 -0.900000 
1557 1.500000 -1.000000 -0.900000 
1558 1.500000 -1.000000 -0.900000 
1559 1.500000 -1.000000 -0.900000 
1560 1.500000 -1.000000 -0.900000 
1561 1.500000 -1.000000 -0.900000 
1562 1.500000 -1.000000 -0.900000 
1563 1.500000 -1.000000 -0.900000 
1564 1.500000 -1.000000 -0.900000 
1565 1.500000 -1.000000 -0.900000 
1566 1.500000 -1.000000 -0.900000 
1567 1.500000 -1.000000 -0.900000 
1568 1.500000 -1.000000 -0.900000 
1569 1.500000 -1.000000 -0.900000 
1570 1.500000 -1.000000 -0.900000 
1571 1.500000 -1.000000 -0.900000 
1572 1.500000 -1.000000 -0.900000 
1573 1.500000 -1.000000 -0.900000 
1574 1.500000 -1.000000 -0.900000 
1575 1.500000 -1.000000 -0.900000 
1576 1.500000 -1.000000 -0.900000 
1577 1.500000 -1.000000 -0.900000 
1578 1.500000 -1.000000 -0.900000 
1579 1.500000 -1.000000 -0.900000 
1580 1.500000 -1.000000 -0.900000 
1581 1.500000 -1.000000 -0.900000 
1582 1.500000 -1.000000 -0.900000 
1583 1.500000 -1.000000 -0.900000 
1584 1.500000 -1.000000 -0.900000 
1585 1.500000 -1.000000 -0.900000 
1586 1.500000 -1.000000 -0.900000 
1587 1.500000 -1.000000 -0.900000 
1588 1.500000 -1.000000 -0.900000 
1589 1.500000 -1.000000 -0.900000 
1590 1.500000 -1.000000 -0.900000 
1591 1.500000 -1.000000 -0.900000 
1592 1.500000 -1.000000 -0.900000 
1593 1.500000 -1.000000 -0.900000 
1594 1.500000 -1.000000 -0.900000 
1595 1.500000 -1.000000 -0.900000 
1596 1.500000 -1.000000 -0.900000 
1597 1.500000 -1.000000 -0.900000 
1598 1.500000 -1.000000 -0.900000 
1599 1.500000 -1.000000 -0.900000 
1600 1.500000 -1.000000 -0.900000 
1601 1.500000 -1.000000 -0.900000 
1602 1.500000 -1.000000 -0.900000 
1603 1.500000 -1.000000 -0.900000 
1604 1.500000 -1.000000 -0.900000 
1605 1.500000 -1.000000 -0.900000 
1606 1.500000 -1.000000 -0.900000 
1607 1.500000 -1.000000 -0.900000 
1608 1.500000 -1.000000 -0.900000 
1609 1.500000 -1.000000 -0.900000 
1610 1.500000 -1.000000 -0.900000 
1611 1.500000 -1.000000 -0.900000 
1612 1.500000 -1.000000 -0.900000 
1613 1.500000 -1.000000 -0.900000 
1614 1.500000 -1.000000 -0.900000 
1615 1.500000 -1.000000 -0.900000 
1616 1.500000 -1.000000 -0.900000 
1617 1.500000 -1.000000 -0.900000 
1618 1.500000 -1.000000 -0.900000 
1619 1.500000 -1.000000 -0.900000 
1620 1.500000 -1.000000 -0.900000 
1621 1.500000 -1.000000 -0.900000 
1622 1.500000 -1.000000 -0.900000 
1623 1.500000 -1.000000 -0.900000 
1624 1.500000 -1.000000 -0.900000 
1625 1.500000 -1.000000 -0.900000 
1626 1.500000 -1.000000 -0.900000 
1627 1.500000 -1.000000 -0.900000 
1628 1.500000 -1.000000 -0.900000 
1629 1.500000 -1.000000 -0.900000 
1630 1.500000 -1.000000 -0.900000 
1631 1.500000 -1.000000 -0.900000 
1632 1.500000 -1.000000 -0.900000 
1633 1.500000 -1.000000 -0.900000 
1634 1.500000 -1.000000 -0.900000 
1635 1.500000 -1.000000 -0.900000 
1636 1.500000 -1.000000 -0.900000 
1637 1.500000 -1.000000 -0.900000 
1638 1.500000 -1.000000 -0.900000 
1639 1.500000 -1.000000 -0.900000 
1640 1.500000 -1.000000 -0.900000 
1641 1.500000 -1.000000 -0.900000 
1642 1.500000 -1.000000 -0.900000 
1643 1.500000 -1.000000 -0.900000 
1644 1.500000 -1.000000 -0.900000 
1645 1.500000 -1.000000 -0.900000 
1646 1.500000 -1.000000 -0.900000 
1647 1.500000 -1.000000 -0.900000 
1648 1.500000 -1.000000 -0.900000 
1649 1.500000 -1.000000 -0.900000 
1650 1.500000 -1.000000 -0.900000 
1651 1.500000 -1.000000 -0.900000 
1652 1.500000 -1.000000 -0.900000 
1653 1.500000 -1.000000 -0.900000 
1654 1.500000 -1.000000 -0.900000 
1655 1.500000 -1.000000 -0.900000 
1656 1.500000 -1.000000 -0.900000 
1657 1.500000 -1.000000 -0.900000 
1658 1.500000 -1.000000 -0.900000 
1659 1.500000 -1.000000 -0.900000 
1660 1.500000 -1.000000 -0.900000 
1661 1.500000 -1.000000 -0.900000 
1662 1.500000 -1.000000 -0.900000 
1663 1.500000 -1.000000 -0.900000 
1664 1.500000 -1.000000 -0.900000 
1665 1.500000 -1.000000 -0.900000 
1666 1.500000 -1.000000 -0.900000 
1667 1.500000 -1.000000 -0.900000 
1668 1.500000 -1.000000 -0.900000 
1669 1.500000 -1.000000 -0.900000 
1670 1.500000 -1.000000 -0.900000 
1671 1.500000 -1.000000 -0.900000 
1672 1.500000 -1.000000 -0.900000 
1673 1.500000 -1.000000 -0.900000 
1674 1.500000 -1.000000 -0.900000 
1675 1.500000 -1.000000 -0.900000 
1676 1.500000 -1.000000 -0.900000 
1677 1.500000 -1.000000 -0.900000 
1678 1.500000 -1.000000 -0.900000 
1679 1.500000 -1.000000 -0.900000 
1680 1.500000 -1.000000 -0.900000 
1681 1.500000 -1.000000 -0.900000 
1682 1.500000 -1.000000 -0.900000 
1683 1.500000 -1.000000 -0.900000 
1684 1.500000 -1.000000 -0.900000 
1685 1.500000 -1.000000 -0.900000 
1686 1.500000 -1.000000 -0.900000 
1687 1.500000 -1.000000 -0.900000 
1688 1.500000 -1.000000 -0.900000 
1689 1.500000 -1.000000 -0.900000 
1690 1.500000 -1.000000 -0.900000 
1691 1.500000 -1.000000 -0.900000 
1692 1.500000 -1.000000 -0.900000 
1693 1.500000 -1.000000 -0.900000 
1694 1.500000 -1.000000 -0.900000 
1695 1.500000 -1.000000 -0.900000 
1696 1.500000 -1.000000 -0.900000 
1697 1.500000 -1.000000 -0.900000 
1698 1.500000 -1.000000 -0.900000 
1699 1.500000 -1.000000 -0.900000 
1700 1.500000 -1.000000 -0.900000 
1701 1.500000 -1.000000 -0.900000 
1702 1.500000 -1.000000 -0.900000 
1703 1.500000 -1.000000 -0.900000 
1704 1.500000 -1.000000 -0.900000 
1705 1.500000 -1.000000 -0.900000 
1706 1.500000 -1.000000 -0.900000 
1707 1.500000 -1.000000 -0.900000 
1708 1.500000 -1.000000 -0.900000 
1709 1.500000 -1.000000 -0.900000 
1710 1.500000 -1.000000 -0.900000 
1711 1.500000 -1.000000 -0.900000 
1712 1.500000 -1.000000 -0.900000 
1713 1.500000 -1.000000 -0.900000 
1714 1.500000 -1.000000 -0.900000 
1715 1.500000 -1.000000 -0.900000 
1716 1.500000 -1.000000 -0.900000 
1717 1.500000 -1.000000 -0.900000 
1718 1.500000 -1.000000 -0.900000 
1719 1.500000 -1.000000 -0.900000 
1720 1.500000 -1.000000 -0.900000 
1721 1.500000 -1.000000 -0.900000 
1722 1.500000 -1.000000 -0.900000 
1723 1.500000 -1.000000 -0.900000 
1724 1.500000 -1.000000 -0.900000 
1725 1.500000 -1.000000 -0.900000 
1726 1.500000 -1.000000 -0.900000 
1727 1.500000 -1.000000 -0.900000 
1728 1.500000 -1.000000 -0.900000 
1729 1.500000 -1.000000 -0.900000 
1730 1.500000 -1.000000 -0.900000 
1731 1.500000 -1.000000 -0.900000 
1732 1.500000 -1.000000 -0.900000 
1733 1.500000 -1.000000 -0.900000 
1734 1.500000 -1.000000 -0.900000 
1735 1.500000 -1.000000 -0.900000 
1736 1.500000 -1.000000 -0.900000 
1737 1.500000 -1.000000 -0.900000 
1738 1.500000 -1.000000 -0.900000 
1739 1.500000 -1.000000 -0.900000 
1740 1.500000 -1.000000 -0.900000 
1741 1.500000 -1.000000 -0.900000 
1742 1.500000 -1.000000 -0.900000 
1743 1.500000 -1.000000 -0.900000 
1744 1.500000 -1.000000 -0.900000 
1745 1.500000 -1.000000 -0.900000 
1746 1.500000 -1.000000 -0.900000 
1747 1.500000 -1.000000 -0.900000 
1748 1.500000 -1.000000 -0.900000 
1749 1.500000 -1.000000 -0.900000 
1750 1.500000 -1.000000 -0.900000 
1751 1.500000 -1.000000 -0.900000 
1752 1.500000 -1.000000 -0.900000 
1753 1.500000 -1.000000 -0.900000 
1754 1.500000 -1.000000 -0.900000 
1755 1.500000 -1.000000 -0.900000 
1756 1.500000 -1.000000 -0.900000 
1757 1.500000 -1.000000 -0.900000 
1758 1.500000 -1.000000 -0.900000 
1759 1.500000 -1.000000 -0.900000 
1760 1.500000 -1.000000 -0.900000 
1761 1.500000 -1.000000 -0.900000 
1762 1.500000 -1.000000 -0.900000 
1763 1.500000 -1.000000 -0.900000 
1764 1.500000 -1.000000 -0.900000 
1765 1.500000 -1.000000 -0.900000 
1766 1.500000 -1.000000 -0.900000 
1767 1.500000 -1.000000 -0.900000 
1768 1.500000 -1.000000 -0.900000 
1769 1.500000 -1.000000 -0.900000 
1770 1.500000 -1.000000 -0.900000 
1771 1.500000 -1.000000 -0.900000 
1772 1.500000 -1.000000 -0.900000 
1773 1.500000 -1.000000 -0.900000 
1774 1.500000 -1.000000 -0.900000 
1775 1.500000 -1.000000 -0.900000 
1776 1.500000 -1.000000 -0.900000 
1777 1.500000 -1.000000 -0.900000 
1778 1.500000 -1.000000 -0.900000 
1779 1.500000 -1.000000 -0.900000 
1780 1.500000 -1.000000 -0.900000 
1781 1.500000 -1.000000 -0.900000 
1782 1.500000 -1.000000 -0.900000 
1783 1.500000 -1.000000 -0.900000 
1784 1.500000 -1.000000 -0.900000 
1785 1.500000 -1.000000 -0.900000 
1786 1.500000 -1.000000 -0.900000 
1787 1.500000 -1.000000 -0.900000 
1788 1.500000 -1.000000 -0.900000 
1789 1.500000 -1.000000 -0.900000 
1790 1.500000 -1.000000 -0.900000 
1791 1.500000 -1.000000 -0.900000 
1792 1.500000 -1.000000 -0.900000 
1793 1.500000 -1.000000 -0.900000 
1794 1.500000 -1.000000 -0.900000 
1795 1.500000 -1.000000 -0.900000 
1796 1.500000 -1.000000 -0.900000 
1797 1.500000 -1.000000 -0.900000 
1798 1.500000 -1.000000 -0.900000 
1799 1.500000 -1.000000 -0.900000 
1800 1.500000 -1.000000 -0.900000 
1801 1.500000 -1.000000 -0.900000 
1802 1.500000 -1.000000 -0.900000 
1803 1.500000 -1.000000 -0.900000 
1804 1.500000 -1.000000 -0.900000 
1805 1.500000 -1.000000 -0.900000 
1806 1.500000 -1.000000 -0.900000 
1807 1.500000 -1.000000 -0.900000 
1808 1.500000 -1.000000 -0.900000 
1809 1.500000 -1.000000 -0.900000 
1810 1.500000 -1.000000 -0.900000 
1811 1.500000 -1.000000 -0.900000 
1812 1.500000 -1.000000 -0.900000 
1813 1.500000 -1.000000 -0.900000 
1814 1.500000 -1.000000 -0.900000 
1815 1.500000 -1.000000 -0.900000 
1816 1.500000 -1.000000 -0.900000 
1817 1.500000 -1.000000 -0.900000 
1818 1.500000 -1.000000 -0.900000 
1819 1.500000 -1.000000 -0.900000 
1820 1.500000 -1.000000 -0.900000 
1821 1.500000 -1.000000 -0.900000 
1822 1.500000 -1.000000 -0.900000 
1823 1.500000 -1.000000 -0.900000 
1824 1.500000 -1.000000 -0.900000 
1825 1.500000 -1.000000 -0.900000 
1826 1.500000 -1.000000 -0.900000 
1827 1.500000 -1.000000 -0.900000 
1828 1.500000 -1.000000 -0.900000 
1829 1.500000 -1.000000 -0.900000 
1830 1.500000 -1.000000 -0.900000 
1831 1.500000 -1.000000 -0.900000 
1832 1.500000 -1.000000 -0.900000 
1833 1.500000 -1.000000 -0.900000 
1834 1.500000 -1.000000 -0.900000 
1835 1.500000 -1.000000 -0.900000 
1836 1.500000 -1.000000 -0.900000 
1837 1.500000 -1.000000 -0.900000 
1838 1.500000 -1.000000 -0.900000 
1839 1.500000 -1.000000 -0.900000 
1840 1.500000 -1.000000 -0.900000 
1841 1.500000 -1.000000 -0.900000 
1842 1.500000 -1.000000 -0.900000 
1843 1.500000 -1.000000 -0.900000 
1844 1.500000 -1.000000 -0.900000 
1845 1.500000 -1.000000 -0.900000 
1846 1.500000 -1.000000 -0.900000 
1847 1.500000 -1.000000 -0.900000 
1848 1.500000 -1.000000 -0.900000 
1849 1.500000 -1.000000 -0.900000 
1850 1.500000 -1.000000 -0.900000 
1851 1.500000 -1.000000 -0.900000 
1852 1.500000 -1.000000 -0.900000 
1853 1.500000 -1.000000 -0.900000 
1854 1.500000 -1.000000 -0.900000 
1855 1.500000 -1.000000 -0.900000 
1856 1.500000 -1.000000 -0.900000 
1857 1.500000 -1.000000 -0.900000 
1858 1.500000 -1.000000 -0.900000 
1859 1.500000 -1.000000 -0.900000 
1860 1.500000 -1.000000 -0.900000 
1861 1.500000 -1.000000 -0.900000 
1862 1.500000 -1.000000 -0.900000 
1863 1.500000 -1.000000 -0.900000 
1864 1.500000 -1.000000 -0.900000 
1865 1.500000 -1.000000 -0.900000 
1866 1.500000 -1.000000 -0.900000 
1867 1.500000 -1.000000 -0.900000 
1868 1.500000 -1.000000 -0.900000 
1869 1.500000 -1.000000 -0.900000 
1870 1.500000 -1.000000 -0.900000 
1871 1.500000 -1.000000 -0.900000 
1872 1.500000 -1.000000 -0.900000 
1873 1.500000 -1.000000 -0.900000 
1874 1.500000 -1.000000 -0.900000 
1875 1.500000 -1.000000 -0.900000 
1876 1.500000 -1.000000 -0.900000 
1877 1.500000 -1.000000 -0.900000 
1878 1.500000 -1.000000 -0.900000 
1879 1.500000 -1.000000 -0.900000 
1880 1.500000 -1.000000 -0.900000 
1881 1.500000 -1.000000 -0.900000 
1882 1.500000 -1.000000 -0.900000 
1883 1.500000 -1.000000 -0.900000 
1884 1.500000 -1.000000 -0.900000 
1885 1.500000 -1.000000 -0.900000 
1886 1.500000 -1.000000 -0.900000 
1887 1.500000 -1.000000 -0.900000 
1888 1.500000 -1.000000 -0.900000 
1889 1.500000 -1.000000 -0.900000 
1890 1.500000 -1.000000 -0.900000 
1891 1.500000 -1.000000 -0.900000 
1892 1.500000 -1.000000 -0.900000 
1893 1.500000 -1.000000 -0.900000 
1894 1.500000 -1.000000 -0.900000 
1895 1.500000 -1.000000 -0.900000 
1896 1.500000 -1.000000 -0.900000 
1897 1.500000 -1.000000 -0.900000 
1898 1.500000 -1.000000 -0.900000 
1899 1.500000 -1.000000 -0.900000 
1900 1.500000 -1.000000 -0.900000 
1901 1.500000 -1.000000 -0.900000 
1902 1.500000 -1.000000 -0.900000 
1903 1.500000 -1.000000 -0.900000 
1904 1.500000 -1.000000 -0.900000 
1905 1.500000 -1.000000 -0.900000 
1906 1.500000 -1.000000 -0.900000 
1907 1.500000 -1.000000 -0.900000 
1908 1.500000 -1.000000 -0.900000 
1909 1.500000 -1.000000 -0.900000 
1910 1.500000 -1.000000 -0.900000 
1911 1.500000 -1.000000 -0.900000 
1912 1.500000 -1.000000 -0.900000 
1913 1.500000 -1.000000 -0.900000 
1914 1.500000 -1.000000 -0.900000 
1915 1.500000 -1.000000 -0.900000 
1916 1.500000 -1.000000 -0.900000 
1917 1.500000 -1.000000 -0.900000 
1918 1.500000 -1.000000 -0.900000 
1919 1.500000 -1.000000 -0.900000 
1920 1.500000 -1.000000 -0.900000 
1921 1.500000 -1.000000 -0.900000 
1922 1.500000 -1.000000 -0.900000 
1923 1.500000 -1.000000 -0.900000 
1924 1.500000 -1.000000 -0.900000 
1925 1.500000 -1.000000 -0.900000 
1926 1.500000 -1.000000 -0.900000 
1927 1.500000 -1.000000 -0.900000 
1928 1.500000 -1.000000 -0.900000 
1929 1.500000 -1.000000 -0.900000 
1930 1.500000 -1.000000 -0.900000 
1931 1.500000 -1.000000 -0.900000 
1932 1.500000 -1.000000 -0.900000 
1933 1.500000 -1.000000 -0.900000 
1934 1.500000 -1.000000 -0.900000 
1935 1.500000 -1.000000 -0.900000 
1936 1.500000 -1.000000 -0.900000 
1937 1.500000 -1.000000 -0.900000 
1938 1.500000 -1.000000 -0.900000 
1939 1.500000 -1.000000 -0.900000 
1940 1.500000 -1.000000 -0.900000 
1941 1.500000 -1.000000 -0.900000 
1942 1.500000 -1.000000 -0.900000 
1943 1.500000 -1.000000 -0.900000 
1944 1.500000 -1.000000 -0.900000 
1945 1.500000 -1.000000 -0.900000 
1946 1.500000 -1.000000 -0.900000 
1947 1.500000 -1.000000 -0.900000 
1948 1.500000 -1.000000 -0.900000 
1949 1.500000 -1.000000 -0.900000 
1950 1.500000 -1.000000 -0.900000 
1951 1.500000 -1.000000 -0.900000 
1952 1.500000 -1.000000 -0.900000 
1953 1.500000 -1.000000 -0.900000 
1954 1.500000 -1.000000 -0.900000 
1955 1.500000 -1.000000 -0.900000 
1956 1.500000 -1.000000 -0.900000 
1957 1.500000 -1.000000 -0.900000 
1958 1.500000 -1.000000 -0.900000 
1959 1.500000 -1.000000 -0.900000 
1960 1.500000 -1.000000 -0.900000 
1961 1.500000 -1.000000 -0.900000 
1962 1.500000 -1.000000 -0.900000 
1963 1.500000 -1.000000 -0.900000 
1964 1.500000 -1.000000 -0.900000 
1965 1.500000 -1.000000 -0.900000 
1966 1.500000 -1.000000 -0.900000 
1967 1.500000 -1.000000 -0.900000 
1968 1.500000 -1.000000 -0.900000 
1969 1.500000 -1.000000 -0.900000 
1970 1.500000 -1.000000 -0.900000 
1971 1.500000 -1.000000 -0.900000 
1972 1.500000 -1.000000 -0.900000 
1973 1.500000 -1.000000 -0.900000 
1974 1.500000 -1.000000 -0.900000 
1975 1.500000 -1.000000 -0.900000 
1976 1.500000 -1.000000 -0.900000 
1977 1.500000 -1.000000 -0.900000 
1978 1.500000 -1.000000 -0.900000 
1979 1.500000 -1.000000 -0.900000 
1980 1.500000 -1.000000 -0.900000 
1981 1.500000 -1.000000 -0.900000 
1982 1.500000 -1.000000 -0.900000 
1983 1.500000 -1.000000 -0.900000 
1984 1.500000 -1.000000 -0.900000 
1985 1.500000 -1.000000 -0.900000 
1986 1.500000 -1.000000 -0.900000 
1987 1.500000 -1.000000 -0.900000 
1988 1.500000 -1.000000 -0.900000 
1989 1.500000 -1.000000 -0.900000 
1990 1.500000 -1.000000 -0.900000 
1991 1.500000 -1.000000 -0.900000 
1992 1.500000 -1.000000 -0.900000 
1993 1.500000 -1.000000 -0.900000 
1994 1.500000 -1.000000 -0.900000 
1995 1.500000 -1.000000 -0.900000 
1996 1.500000 -1.000000 -0.900000 
1997 1.500000 -1.000000 -0.900000 
1998 1.500000 -1.000000 -0.900000 
1999 1.500000 -1.000000 -0.900000 
2000 1.500000 -1.000000 -0.900000 
2001 1.500000 -1.000000 -0.900000 
2002 1.500000 -1.000000 -0.900000 
2003 1.500000 -1.000000 -0.900000 
2004 1.500000 -1.000000 -0.900000 
2005 1.500000 -1.000000 -0.900000 
2006 1.500000 -1.000000 -0.900000 
2007 1.500000 -1.000000 -0.900000 
2008 1.500000 -1.000000 -0.900000 
2009 1.500000 -1.000000 -0.900000 
2010 1.500000 -1.000000 -0.900000 
